0000000000000000000000000000000000000000000000000000000000000000000000000000000000000000000000000000110100000000000000000000000000000000000000000000000000000000000000000000000000000000000000000000000000000000000000000001101100000000000000000000000000000000
0000000000000000000000000000000000000000000000000000000000000000000000000000000000000000000000000000110100000000000000000000000000000000000000000000000000000000000000000000000000000000000000000000000000000000000000000001101100000000000000000000000000000000
0000000000000000000000000000000000000000000000000000000000000000000000000000000000000000000000000000110100000000000000000000000000000000000000000000000000000000000000000000000000000000000000000000000000000000000000000001101100000000000000000000000000000000
0000000000000000000000000000000000000000000000000000000000000000000000000000000000000000000000000000110100000000000000000000000000000000000000000000000000000000000000000000000000000000000000000000000000000000000000000001101100000000000000000000000000000000
0000000000000000000000000000000000000000000000000000000000000000000101010000000000000000000110110000110100000000000000000000000000000000000000000001111000110011000101110000000000000001000000000000000000000000000100010001101100000000000000000000000000000000
0000000000000000000111110000000000000000000000000000000000000000000011110000000000000000000110110001000000000000000000000000000000000000000000000100011101010010001110100000000000000000000000000000000000001010001111000001101100000000000000000000000000000000
0000000000101010001010100000111100000000000000000000000000000000000000100000000000000000000101110011100000000000000000000000000000000000000000000110110001100011011000100000000000000000000000000000110100010111011111110001101100000000000000110000100100000000
0000000000101110000000000000000000000000000000000000000000000000000000000000000000000000000000000011000100000000000000000000000000000000000000000101001000100111010010110000000000000000000000000000000000000000011110100010000000000000000000000000000100000000
0000000000010000000000000000000000000000000000000000000000000000000000000000000000000000000000000001011100000000000000000000000000000000000000100000111100000000000011100000000000000000000000000000000000000000000111110001101100000000000000000000000000000000
0000000000000000000000000000000000000000000000000000000000000000000000000000000000000000000000000000110100000000000000000000000000000000000000000000000000000000000000000000000000000000000000000000000000000000000000000001101100000000000000000000000000000000
0000000000000000000000000000000000000000000000000000000000000000000000000000000000000000000000000000110100000000000000000000000000000000000000000000000000000000000000000000000000000000000000000000000000000000000000000001101100000000000000000000000000000000
0000000000000000000000000000000000000000000000000000000000000000000000000000000000000000000000000000110100000000000000000000000000000000000000000000000000000000000000000000000000000000000000000000000000000000000000000001101100000000000000000000000000000000
0000000000000000000000000000000000000000000000000000000000000000000000000000000000000000000000000000110100000000000000000000000000000000000000000000000000000000000000000000000000000000000000000000000000000000000000000001101100000000000000000000000000000000
0000000000000000000000000000000000000000000000000000000000000000000000000000000000000000000000000000110100000000000000000000000000000000000000000000000000000000000000000000000000000000000000000000000000000000000000000001101100000000000000000000000000000000
0000000000000000000000000000000000000000000000000000000000000000000000000000000000000000000000000000110100000000000000000000000000000000000000000000000000000000000000000000000000000000000000000000000000000000000000000001101100000000000000000000000000000000
0000000000000000000000000000000000000000000000000000000000000000000000000000000000000000000000000000110100000000000000000000000000000000000000000000000000000000000000000000000000000000000000000000000000000000000000000001101100000000000000000000000000000000
0000000000000000000000000001000000000000000100000000000000000000010011000000000000000000011000100000110100000000000000000000000000000000000000000001101001100100000000000001011000100000000000000000000001000000001000100001101100000000000110110000000000000000
0000000000000000000010110001111100000000000010110000000000010000010000010000000000000000011111100000000000000000000011100000000000000101000000000101101001100000010000010000101100100010000000000000000000110011011110000000000000011110000100010001011100000000
0000000000000000000000000010110000000000000000000000000000001000000000010000000000000000001001100000000000000010001000000000000000000000000000000110111100100010011000000000000000000000000000000000000000010010011111110000000000100110000000000000000000000000
0100000100110001000100100010100000010111010110000000000000000000000000000010001000000000000110110000000000111101010110110000000000000000000000000111111100000000011111110000000000110111000111010000000001001001011111110000000001001101000000000000000000000000
0001101101111111000010010001001100000000010100010000000000000000000000000000101100000000000000000011010000101010010000110000000000000011000000000111111100000000011111110000000000101010000000000010111001001000011111110000000000111010000000000000000000000000
0000000001111111000000000000000000000000000000000000000000000000000000000000000000000000000000000011001100000000000000000000000000000000001101000011110000000000011101010000000000000000000000000000000000000000010100110001100100000000000000000000000000000000
0000000000000000000000000000000000000000000000000000000000000000000000000000000000000000000000000000110100000000000000000000000000000000000000000000000000000000000000000000000000000000000000000000000000000000000000000001101100000000000000000000000000000000
0000000000000000000000000000000000000000000000000000000000000000000000000000000000000000000000000000110100000000000000000000000000000000000000000000000000000000000000000000000000000000000000000000000000000000000000000001101100000000000000000000000000000000
0000000000000000000000000000000000000000000000000000000000000000000000000000000000000000000000000000110100000000000000000000000000000000000000000000000000000000000000000000000000000000000000000000000000000000000000000001101100000000000000000000000000000000
0000000000000000000000000000000000000000000000000000000000000000000000000000000000000000000000000000110100000000000000000000000000000000000000000000000000000000000000000000000000000000000000000000000000000000000000000001101100000000000000000000000000000000
0000000000000000000000000000000000000000000000000000000000000000000000000000000000000000000000000000110100000000000000000000000000000000000000000000000000000000000000000000000000000000000000000000000000000000000000000001101100000000000000000000000000000000
0000000000000000000000000000000000000000000000000000000000000000000000000000000000000000000000000000110100000000000000000000000000000000000000000000000000000000000000000000000000000000000000000000000000000000000000000001101100000000000000000000000000000000
0000000000000000000000000000000000000000000000000000000000000000000110010000000000000000000101110000110100000000000000000000000000000000000000000000000100010010000000000000010000000000000000000000000000000000000000000001101100000000000000000000000000000000
0000100100000000000000000001001100000000000110100000000000000100011100000000000000000000011111110000000000000000000000000010001100100000000000000000011101001000000000000011011100001111001001100000111000100101010011000000000000000000000011110001001000000000
0000000001001101000000000000000001011001000000000100011000101101000000000000000000110111001100110000000000000101000011110000000000000000010001100000000000000000000000000000000000000000000111010010010000000000010110010000000000000000000000000000010000000000
0010000000011101001010010000000001111111000000010110100000000000000000000000000101110101000000000000000000110110000000000010100000000000010010010000000000000000000000000000000000010111011101010000000000010111000000000000000100000000000000000000000001001010
0101100000000000001110000000000001111111010001110101101000000000001001000000000001111111010101100000000000111110001011110011101100000000000000000000000000100001000000000000000000110000011111110000000001000000000000000000000000000000001111010000000001010011
0101001101100110010101100000000000011010011001110000000000000000000000000000000000000111010001100000000001000111010101100000000000110001000000000000000000000110010000000000000001100110010100100100000101010100000000000000000000010010001111110010000000000000
0000000001111111000000000000000000000000000000000000110000000000000000000000000000000000000000000001111000000000000000000000000000000000011101000001100000000000011110110000000000000000000000000000000000000000001000010000000000000000000000000000000000000000
0000000000000000000000000000000000000000000000000000000000000000000000000000000000000000000000000000110100000000000000000000000000000000000000000000000000000000000000000000000000000000000000000000000000000000000000000001101100000000000000000000000000000000
0000000000000000000000000000000000000000000000000000000000000000000000000000000000000000000000000000110100000000000000000000000000000000000000000000000000000000000000000000000000000000000000000000000000000000000000000001101100000000000000000000000000000000
0000000000000000000000000000000000000000000000000000000000000000000000000000000000000000000000000000110100000000000000000000000000000000000000000000000000000000000000000000000000000000000000000000000000000000000000000001101100000000000000000000000000000000
0000000000000000000000000000000000000000000000000000000000000000000000000000000000000000000000000000110100000000000000000000000000000000000000000000000000000000000000000000000000000000000000000000000000000000000000000001101100000000000000000000000000000000
0000000000000000000000000000000000000000000000000000000000000000000000000000000000000000000000000000110100000000000000000000000000000000000000000000000000000000000000000000000000000000000000000000000000000000000000000001101100000000000000000000000000000000
0000000000000000000000000000000000000000000000000000000000000000000000000000000000000000000000000000110100000000000000000000000000000000000000000000000000000000000000000000000000000000000000000000000000000000000000000001101100000000000000000000000000000000
0000000000000000000000000000000000001110000000000000001000000000000101010000000000001101000110110001100100000000000000000001101000000000000000000000000000000000000000000000101000000000000001010000000000000000000001010001101100000000000000000000000000001001
0000000000000000000010000000000001111111000000000100000100000001010010000000111101111001011101110010110000001001000000000110111100000001000000000000000000000000000000000011010100000000011111110001001100000000000000000000010100000000000000000000010001011011
0010101001010100001001110000000001111111000010100111010100000000000000000000011001101001000000000000000001000001000000000000101100000111011011110000000000101100000000000000000000111010010011000000100000111110000000000001011000000000000000010000000000101101
0000000000011101000000000000000000001110000000000010010100000000000101010000000000011000000100000000010100000000000000000000000000000000001001100000010000100101000000000000000000000000000011110000000000001100000000000001101000000000000000000000000000000000
0000001000000000000001010000100000000000000011100000000000001000011001110000000000000000011111110000000000000000000000000000110000001111000000000000000000111001000000000010111000000000000000110000000000010010001110100000000000000000000101100010001000000000
0000000001111111000010000000000000000000000000000000000000011010000000000000000000000000010011000000000000000000001110010000000000100000001101010000000000000000001101010000000000000000000000000101100100000100001110100000000000000000000000000000001100000000
0000000001111111000000000000000000000011000000000001011000000000000000000000000000000000000000000000000000000000000000000000000000000000011110100000000000001001010001110000000000000000000000000000000000000000000000000000011100000000000000000000000000000000
0000000000000000000000000000000000000000000000000000000000000000000000000000000000000000000000000000110100000000000000000000000000000000000000000000000000000000000000000000000000000000000000000000000000000000000000000001101100000000000000000000000000000000
0000000000000000000000000000000000000000000000000000000000000000000000000000000000000000000000000000110100000000000000000000000000000000000000000000000000000000000000000000000000000000000000000000000000000000000000000001101100000000000000000000000000000000
0000000000000000000000000000000000000000000000000000000000000000000000000000000000000000000000000000110100000000000000000000000000000000000000000000000000000000000000000000000000000000000000000000000000000000000000000001101100000000000000000000000000000000
0000000000000000000000000000000000000000000000000000000000000000000000000000000000000000000000000000110100000000000000000000000000000000000000000000000000000000000000000000000000000000000000000000000000000000000000000001101100000000000000000000000000000000
0000000000000000000000000000000000000000000000000000000000000000000000000000000000000000000000000000110100000000000000000000000000000000000000000000000000000000000000000000000000000000000000000000000000000000000000000001101100000000000000000000000000000000
0000000000000000000000000000000000000000000000000000000000000000000000000000000000000000000000000000110100000000000000000000000000000000000000000000000000000000000000000000000000000000000000000000000000000000000000000001101100000000000000000000000000000000
0000000000000000000000000000000000000000000000000000000000000000000000000000000000000000000000000000110100000000000000000000000000000000000000000000000000000000000000000000000000000000000000000000000000000000000000000001101100000000000000000000000000000000
0000000000000000000000000000000000000000000000000000010100000000000000100000000000001000000000100001001000000000000000000000100100000000000000000000000000000000000000000000000000000000000000000000000000000000000000000001110000000000000000000000000000000000
0000000000000000000000000000000000000000000000000000011000000000000000000000000000000011000000000000110100000000000000000000000000000000000000010000000000000101000000000000000000000000000000000000000000000000000000000001101100000000000000000000000000000000
0000011000000000000000000000100000000000000100010000000000000000011001100000000000000000011111110000000000000000000000000000100100000000000000000000110001001001000000000010100100010100000010110000000000011110000110000000111000000000000100100000000000000000
0000000000000000000000000001001000000000000000000000000000101010010110000000000000000000011111110000000000000000001011110000000000000110000000000000000000100010000000000001100100000000000000000001011100000000010100110000000000000000000101000001010000000000
0000000001111111000000000000000000100011000000000011111000000000000000000000000000001110000000000000000000000000000101010000000000000000011111110000000000000000000111000000000000000000000000000011011100000100000000000000000000000000000000000000010000000000
0000000001100001000000000000000000010110000000000011000100000000000000000000000000001011000000000000100100000001000000000000000000000000011000110000000000011011000101110000000000000000000000010000000000000000000000000001101000000000000000000000000000000000
0000000000000000000000000000000000000000000000000000000000000000000000000000000000000000000000000000110100000000000000000000000000000000000000000000000000000000000000000000000000000000000000000000000000000000000000000001101100000000000000000000000000000000
0000000000000000000000000000000000000000000000000000000000000000000000000000000000000000000000000000110100000000000000000000000000000000000000000000000000000000000000000000000000000000000000000000000000000000000000000001101100000000000000000000000000000000
0000000000000000000000000000000000000000000000000000000000000000000000000000000000000000000000000000110100000000000000000000000000000000000000000000000000000000000000000000000000000000000000000000000000000000000000000001101100000000000000000000000000000000
0000000000000000000000000000000000000000000000000000000000000000000000000000000000000000000000000000110100000000000000000000000000000000000000000000000000000000000000000000000000000000000000000000000000000000000000000001101100000000000000000000000000000000
0000000000000000000000000000000000000000000000000000000000000000000000000000000000000000000000000000110100000000000000000000000000000000000000000000000000000000000000000000000000000000000000000000000000000000000000000001101100000000000000000000000000000000
0000000000000000000000000000000000000000000000000000000000000000000000000000000000000000000000000000110100000000000000000000000000000000000000000000000000000000000000000000000000000000000000000000000000000000000000000001101100000000000000000000000000000000
0000000000000000000000000000000000000000000000000000000000000000000000000000000000000000000000000000110100000000000000000000000000000000000000000000000000000000000000000000000000000000000000000000000000000000000000000001101100000000000000000000000000000000
0000000000000000000000000000000000000000000000000000000000000000000000000000000000000000000000000000110100000000000000000000000000000000000000000000000000000000000000000000000000000000000000000000000000000000000000000001101100000000000000000000000000000000
0000011000000000000000000000000000000000000110000000000000000000010100010000000000000000010101010000110100000000000000000000000000000000000000000000100000111111000000000010100100000111000001010000000000011110000000000001101100000000000010010000000000000000
0000000000000000000000110001000100000000000100100000000000100110010101010000000000000000011111110000000000000000000011000000000000001010000000000000110001001101000000000001011100010111000000000000000000011100010111100000000000000000000110010010010100000000
0000000001110111000000000000000000101111000000000011011100011001000000000000000000010010000101000000000000000000000101100000000000001011011010000000000000000000000000000000000000000000000000000100000100000000001100000000000000000000000000000001100000000000
0000100001111111000000000000000000110110000001100100101000000000000000000000000000100100000000000000000000010001000000000000000000000000011110100000000000100001000001110000000000000110000100000000011000011110000000000000110000000000000000000000000000000000
0000000000000100000000000000000000000000000000000000011100000000000000000000000000000001000000000000110100000000000000000000000000000000000001000000000000010000000000000000000000000000000000000000000000000000000000000001101100000000000000000000000000000000
0000000000000000000000000000000000000000000000000000000000000000000000000000000000000000000000000000110100000000000000000000000000000000000000000000000000000000000000000000000000000000000000000000000000000000000000000001101100000000000000000000000000000000
0000000000000000000000000000000000000000000000000000000000000000000000000000000000000000000000000000110100000000000000000000000000000000000000000000000000000000000000000000000000000000000000000000000000000000000000000001101100000000000000000000000000000000
0000000000000000000000000000000000000000000000000000000000000000000000000000000000000000000000000000110100000000000000000000000000000000000000000000000000000000000000000000000000000000000000000000000000000000000000000001101100000000000000000000000000000000
0000000000000000000000000000000000000000000000000000000000000000000000000000000000000000000000000000110100000000000000000000000000000000000000000000000000000000000000000000000000000000000000000000000000000000000000000001101100000000000000000000000000000000
0000000000000000000000000000000000000000000000000000000000000000000000000000000000000000000000000000110100000000000000000000000000000000000000000000000000000000000000000000000000000000000000000000000000000000000000000001101100000000000000000000000000000000
0000000000000000000000000000000000000000000000000000000000000000000000000000000000000000000000000000110100000000000000000000000000000000000000000000000000000000000000000000000000000000000000000000000000000000000000000001101100000000000000000000000000000000
0000000000000000000000000000000000000000000000000000000000000000000000000000000000000000000000000000110100000000000000000000000000000000000000000000000000000000000000000000000000000000000000000000000000000000000000000001101100000000000000000000000000000000
0000000000000000000000000000000000000000000000000000000000000000000011100000000000000000000010010000110100000000000000000000000000000000000000000000001000001110000000000000000000000000000000000000000000000000000000000001101100000000000000000000000000000000
0000010000000000000000000000110000000000000100010000000000000000011010100000000000000000011111110000000000000011000000000000001100000010000000000000010101001001000000000010101000001001000000000000000000101001010010100000000000000000000111100010001000000000
0000000000111111000101000000000000100100000000000000000000100010000111000000000000000000011101010000000000000000001011100000000000001101000000000000000000000000000000000000000000000000000000000010111000000000010001100000000000000000000011000010010000000000
0000000001111111000000000000000000101000000000000100000100000000000000000000000000001100000000000000000000000111000000000000000000000000011111110000000000000101000101010000000000000000000000000100001100000100000000000000000000000000000000000000000000000000
0000000000011011000000000000000000001001000000000001101000000000000000000000000000001010000000000000110100000000000000000000000000000000000111110000000000011011000000000000000000000000000000000000000000000000000000000001101100000000000000000000000000000000
0000000000000000000000000000000000000000000000000000000000000000000000000000000000000000000000000000110100000000000000000000000000000000000000000000000000000000000000000000000000000000000000000000000000000000000000000001101100000000000000000000000000000000
0000000000000000000000000000000000000000000000000000000000000000000000000000000000000000000000000000110100000000000000000000000000000000000000000000000000000000000000000000000000000000000000000000000000000000000000000001101100000000000000000000000000000000
0000000000000000000000000000000000000000000000000000000000000000000000000000000000000000000000000000110100000000000000000000000000000000000000000000000000000000000000000000000000000000000000000000000000000000000000000001101100000000000000000000000000000000
0000000000000000000000000000000000000000000000000000000000000000000000000000000000000000000000000000110100000000000000000000000000000000000000000000000000000000000000000000000000000000000000000000000000000000000000000001101100000000000000000000000000000000
0000000000000000000000000000000000000000000000000000000000000000000000000000000000000000000000000000110100000000000000000000000000000000000000000000000000000000000000000000000000000000000000000000000000000000000000000001101100000000000000000000000000000000
0000000000000000000000000000000000000000000000000000000000000000000000000000000000000000000000000000110100000000000000000000000000000000000000000000000000000000000000000000000000000000000000000000000000000000000000000001101100000000000000000000000000000000
0000000000000000000000000000000000000000000000000000000000000000000000000000000000000000000000000000110100000000000000000000000000000000000000000000000000000000000000000000000000000000000000000000000000000000000000000001101100000000000000000000000000000000
0000000000000000000000000000000000000000000000000000000000000000000000000000000000000000000000000000110100000000000000000000000000000000000000000000000000000000000000000000000000000000000000000000000000000000000000000001101100000000000000000000000000000000
0000000000000000000000000000100000000000000000110000000000000000010111000000000000000000011110100000100100000000000000000000000000000000000000000000001101000100000000000010010000000110000000000000000000100000000101110001011100000000000101100000000000000000
0000000000000000000001100000101100000000000000000000000000011100011001110000000000000000011111110000000000000000001011000000010000001000000000000000000000100111000000000010010100000000000000000001011100000010010011100000000000000000000101110010001000000000
0000000001111111000001100000000000100101000000000011110000000000000000000000000000000000000000000000000000001100001011110000000000000001011111110000000000000000001001100000000000000000000000000011101100000000000000000000000000000000000000000000000000000000
0000000001110010000000000000000000010100000000000010101000000000000000000000000000000111000000000000100100000000000000000000000000000000011101000000000000100000000100010000000000000000000000000000000000001100000000000001101000000000000000000000000000000000
0000000000000000000000000000000000000000000000000000000000000000000000000000000000000000000000000000110100000000000000000000000000000000000000000000000000000000000000000000000000000000000000000000000000000000000000000001101100000000000000000000000000000000
0000000000000000000000000000000000000000000000000000000000000000000000000000000000000000000000000000110100000000000000000000000000000000000000000000000000000000000000000000000000000000000000000000000000000000000000000001101100000000000000000000000000000000
0000000000000000000000000000000000000000000000000000000000000000000000000000000000000000000000000000110100000000000000000000000000000000000000000000000000000000000000000000000000000000000000000000000000000000000000000001101100000000000000000000000000000000
0000000000000000000000000000000000000000000000000000000000000000000000000000000000000000000000000000110100000000000000000000000000000000000000000000000000000000000000000000000000000000000000000000000000000000000000000001101100000000000000000000000000000000
0000000000000000000000000000000000000000000000000000000000000000000000000000000000000000000000000000110100000000000000000000000000000000000000000000000000000000000000000000000000000000000000000000000000000000000000000001101100000000000000000000000000000000
0000000000000000000000000000000000000000000000000000000000000000000000000000000000000000000000000000110100000000000000000000000000000000000000000000000000000000000000000000000000000000000000000000000000000000000000000001101100000000000000000000000000000000
0000000000000000000000000000000000000000000000000000000000000000000000000000000000000000000000000000110100000000000000000000000000000000000000000000000000000000000000000000000000000000000000000000000000000000000000000001101100000000000000000000000000000000
0000000000000000000000000000000000000000000000000000000000000000000000000000000000000000000000000000110100000000000000000000000000000000000000000000000000000000000000000000000000000000000000000000000000000000000000000001101100000000000000000000000000000000
0000000000000000000000000000000000000000000000000000000000000000000000000000000000000000000000000000110100000000000000000000000000000000000000000000000000000000000000000000000000000000000000000000000000000000000000000001101100000000000000000000000000000000
0000101100000000000000000000101100000000000100110000000000000000011100110000000000000000011111110000000000000101000000000010110100101110000000000000000000110100000000000100011100110001001110010000000000001010001100110000000000000000000101110001010100000000
0000010001111011000101100000000000001111000000000000000000100000000000000000000000000000001111000000000000001011010101100000000000100100000101100000000000000000001001010000000000000000000000000101111100000000010001010000000000001010000000000000101100000000
0000100001111111000000000000000000101101000010100100011100000000000000000000000000100101000000000000000000000110000000000000000000000000011111110000000000101000001100010000000000000110000100010001011100011100000000000000011000000000000000000000000000000010
0000000000010010000000000000000000000100000000000001001100000000000000000000000000000111000000000000111100000000000000000000000000000000000101010000011100100000000001100000000000000000000000000000000000000000000010000001101100000000000000000000000000000000
0000000000000000000000000000000000000000000000000000000000000000000000000000000000000000000000000001000100000000000000000000000000000000000000000000011000000100000001100000000000000000000000000000000000000000000010110001110000000000000000000000000000000000
0000000000000000000000000000000000000000000000000000000000000000000000100000000000000000000000000000110100000000000000000000000000000000000000000000000000000101000000000000000000000000000000000000000000000000000000000001101100000000000000000000000000000000
0000000000000000000000000000000000000000000000000000000000000000000000010000000000000000000000000000110100000000000000000000000000000000000000000000100000001010000001100000000000000000000000000000000000000000000001100001101100000000000000000000000000000000
0000000000000000000000000000000000000000000000000000000000000000000101100000000000000000000110100000111100000000000000000000000000000000000000000010110100111110001001010000000000000000000000000000000000000000001001010001101100000000000000000000000000000000
0000000000001100000000010000000000000000000000000000000000000000000000000000000000000000000000000001110000000000000000000000000000000000000000000100001000111000001110010000000000000000000000000000000000000000010011010001101100000000000000000000000000000000
0000000000100100000000000000000000000000000000000000000000000000000000000000000000000000000000000011001100000000000000000000000000000000000001010011101000011100001110000000000000000000000000000000100000000000011000000010010100000000000000000000000000000000
0000000000000000000000000000000000000000000000000000000000000000000000000000000000000000000000000000110100000000000000000000000000000000000000000000000000000000000000000000000000000000000000000000000000000000000000000001101100000000000000000000000000000000
0000000000000000000000000000000000000000000000000000000000000000000000000000000000000000000000000000110100000000000000000000000000000000000000000000000000000000000000000000000000000000000000000000000000000000000000000001101100000000000000000000000000000000
0000000000000000000000000000000000000000000000000000000000000000000000000000000000000000000000000000110100000000000000000000000000000000000000000000000000000000000000000000000000000000000000000000000000000000000000000001101100000000000000000000000000000000
0010011000000000000101010000000000001001000101110000000000000000011111110000000000010100011111110000000000010010001000010101001101000101000000000000000000000000000000000100110101010011010100100001111000011000000000000000000000000000000111110000100100000111
0011010101111010010100010000000000000000010100100000000000000000000000000000000000000000000000000000000000100101011001110000000000100010000000000000000000000000010101100000000001001000000010110011011001110010000000000000000001001100000000000000000000000000
0000000001110111001001100001001000000000010011110000000000000000000000000000110100000000000000000001011000010001001101010000000000000000000000000110101001010010011111110000000000000011000000000000000001000110011110100000000001100001000000000000000000000000
0000000000010110001001110001101000000000000100100000000000000000000000000001010000000000000000110001110000010001000010000000000000000000000000000111000101010011011011010000000000000000000000000000000000001010011111110000000001100001000000000000000000000000
0000000000110000000100000001001000000000000011100000000000000000000000000001011100000000000000000010111000011010000011010000000000000000000000000111100101000010011111110000000000000000000000000000101100000000011111110000011101001110000000000000000100000000
0000000000001110000111000010100100000000000000000000000000000000000011110000000000000000001000100001100100000000000000000000000000000000000000000111001001010000011011100000000000000000000000000000000000001010011111110000011100100100000000000000000000000000
0000000000010000001000110010000100000000000010110000000000000000000001000001010000000000000111010001100100010000000001000000000000000000000000000110111101011101011001100000000000000000000000000000000000010111011111110000000001011011000000010000000000000000
0000000000000000000010100010011000000000000000000000000000001100000010110000111100000000001010000000000000001111000101110000000000000000000000000110110101011001010101100000000000000000000000000000000000100110011111110000000000110111000100000000000000000000
0000000000010010000000000001111000100100000011000000000000000000000000000000000000000000000000000000000000011001000000000000000000000000000000000111011100001110011100010000000000000000000001100000000000000000011111110000000000101001000000000000000000000000
0000000001110101000000000000011000100000001011010000101100000000000000000001111100000000000000000100011100101011000000000000000000000000010001100111111100000000011111110000000000000100000000000010101000000000011111110000000000100010000000000000000000000000
0000000000000000000000000000000000000000000000000000000000000000000000000000000000000000000000000000110100000000000000000000000000000000000000000000000000000000000000000000000000000000000000000000000000000000000000000001101100000000000000000000000000000000
0000000000000000000000000000000000000000000000000000000000000000000000000000000000000000000000000000110100000000000000000000000000000000000000000000000000000000000000000000000000000000000000000000000000000000000000000001101100000000000000000000000000000000
0000000000000000000000000000000000000000000000000000000000000000000000000000000000000000000000000000110100000000000000000000000000000000000000000000000000000000000000000000000000000000000000000000000000000000000000000001101100000000000000000000000000000000
0000100100000000000000000000000001100001000000000001010100000000001111110000000001100111011100010010100100000000000000000111111100000000000000000000000000000000000000000010111100000010011111110000000000000000000010000000000000000000000000000000010001000111
0010100100000000000010110000000001111111001111000101111000000000000000000000000001111111000000000000000000110011001001000111000000001101000000000000000000000000000000000000000000110010011111110000000000011100000000000000000000000100000000000000011001010001
0001111100000000000000000000000001111111001001000101111000000000000000000000000001111111000000000000000000110001001100010100110100000000000000000000000000000000000000000000000000000010011111110000000000001010000000000000000000001110000000000000000001011000
0011101000000000000110100000000001111111001110100101100100000000000000000000000001111111000000000000000001000010011001010101110100000101000000000000000000000000000000000000000000011101011111110000000000110010000000000000000000011101000000000000000001110101
0010011100011101001001000000000001111111001001100111001100000000000000000001011101111111000000000000000001001010011000100011011000000000000010100000000000000000000011000000000000010101011111110000000001000110000011000000000000100100000000000000000001110010
0001000100001001000000000000000001111111000000000110111000000000000000000000000001111111000000000000000000111000000000000011110000000000000110100000000000000000000000000000000000000000011111110000000000000000000101100000000000011011000000000000000001001111
0001011100000000000100100000000001111111000000000110110100000000000000000000000001111111000000000000000000010010000001010011010100000000001011100000000000000000000000000000000000000010011101010000000000000000000000000000000000000000000000000000000000111111
0010101000000000001110110000000001111111000110100110111100000000000000000001001101111111000000000000000001000101000000000100010100000010001000110000000000000000000000000000000000011100011111110000000000011100000000000000110000000000000011000000000001100010
0001100000000000001010000000000001111111000000000111000000000000000000000000000001111111000000000000000000111001000000000011011000000000001000110000000000001000000000000000000000010101011111110000000000011011000000000000101000000000000001000000000001001111
0010000101000011000001100000000001101000000111010110001100000000000000000000000001101110000000000000000000001001000000000001101100000000010100000000000000010110000000000000000000101000011000100000000000011011000000000001101000000000000000000000000000111000
0000000000000000000000000000000000000000000000000000000000000000000000000000000000000000000000000000110100000000000000000000000000000000000000000000000000000000000000000000000000000000000000000000000000000000000000000001101100000000000000000000000000000000
0000000000000000000000000000000000000000000000000000000000000000000000000000000000000000000000000000110100000000000000000000000000000000000000000000000000000000000000000000000000000000000000000000000000000000000000000001101100000000000000000000000000000000
0000000000000000000000000000000000000000000000000000000000000000000000000000000000000000000000000000110100000000000000000000000000000000000000000000000000000000000000000000000000000000000000000000000000000000000000000001101100000000000000000000000000000000
0000000000000000000000000000000000001110000000000000010000000000000010110000000000010110000101100010000000000000000000000001110000000000000000000000000000000000000000000000000000000000000000000000000000000000000000000001101100000000000000000000000000000000
0000000000000000000000000000000000100001000000000010101100000000000000000000000001000100000001010001101000000000000000000011000000000000000001000000000000000000000000000000000000000000001010110000000000000000000000000001101100000000000000000000000000010010
0000000000000000000000000000000000101001000000000010111000000000000000000000000001001111000000000000110100000000000000000011001100000000000001010000000000000000000000000000000000000000001101000000000000000000000000000001101100000000000000000000000000010101
0001000100000000001001100000000001000110000000000101000000000000000000000000000001111111000000000000110100000000000000000101101000000000000000110000000000000000000000000000000000000000011010000000000000000000000000000001101100000000000000000000000000101100
0010111000000000001111110000000001001011000000000101110000000000000000000000000001111111000000000000110100000000000000000101001100000101001010000000000000000000000000000000000000100011011101100000000000100100000000000001101100000000000011100000000000101111
0001010000000000001001100000000000101100000000000100010000000000000000000000000001011001000000000000110100000000000000000010011000000000001000010000000000001010000000000000000000010000010010000000000000010111000000000001101100000000000000110000000000011010
0000000000001101000000000000000000010100000000000010100100000000000000000000000000110010000000000000110100000000000000000001010000000000000110000000000000011010000000000000000000000101000111010000000000000000000000000001110000000000000000000000000000001100
0000000000000000000000000000000000000000000000000000010000000000000000000000000000000000000000000000110100000000000000000000000000000000000000000000000000001010000000000000000000000000000000000000000000000000000000000001101100000000000000000000000000000000
0000000000000000000000000000000000000000000000000000000000000000000000000000000000000000000000000000110100000000000000000000000000000000000000000000000000000000000000000000000000000000000000000000000000000000000000000001101100000000000000000000000000000000
0000000000000000000000000000000000000000000000000000000000000000000000000000000000000000000000000000110100000000000000000000000000000000000000000000000000000000000000000000000000000000000000000000000000000000000000000001101100000000000000000000000000000000
0000000000000000000000000000000000000000000000000000000000000000000000000000000000000000000000000000110100000000000000000000000000000000000000000000000000000000000000000000000000000000000000000000000000000000000000000001101100000000000000000000000000000000
0000000000000000000000000000000000000000000000000000000000000000000000000000000000000000000000000000110100000000000000000000000000000000000000000000000000000000000000000000000000000000000000000000000000000000000000000001101100000000000000000000000000000000
0000000000000000000000000000000000000000000000000000000000000000000000000000000000000000000000000000110100000000000000000000000000000000000000000000000000000000000000000000000000000000000000000000000000000000000000000001101100000000000000000000000000000000
0000000000000000000000000000000000000000000000000000000000000000000000000000000000000000000000000000110100000000000000000000000000000000000000000000000000000000000000000000000000000000000000000000000000000000000000000001101100000000000000000000000000000000
0000000000000000000000000000000000000000000000000000000000000000000000000000000000000000000000000000110100000000000000000000000000000000000000000000000000000000000000000000000000000000000000000000000000000000000000000001101100000000000000000000000000000000
0000000000000000000000000000000000000000000000000000000000000000000000000000000000000000000000000000110100000000000000000000000000000000000000000000000000000000000000000000000000000000000000000000000000000000000000000001101100000000000000000000000000000000
0000000000000000000000000000000000000000000000000000000000000000000000000000000000000000000000000000110100000000000000000000000000000000000000000000000000000000000000000000000000000000000000000000000000000000000000000001101100000000000000000000000000000000
0000000000000000000000000000000000000000000000000000000000000000000000000000000000000000000000000000110100000000000000000000000000000000000000000000000000000000000000000000000000000000000000000000000000000000000000000001101100000000000000000000000000000000
0000000000000000000000000000000000000000000000000000000000000000000000000000000000000000000000000000110100000000000000000000000000000000000000000000000000000000000000000000000000000000000000000000000000000000000000000001101100000000000000000000000000000000
0000000000000000000000000000000000000000000000000000000000000000000000000000000000000000000000000000110100000000000000000000000000000000000000000000000000000000000000000000000000000000000000000000000000000000000000000001101100000000000000000000000000000000
0000000000000000000000000000000000000000000000000000000000000000000000000000000000000000000000000000110100000000000000000000000000000000000000000000000000000000000000000000000000000000000000000000000000000000000000000001101100000000000000000000000000000000
0000000000000000000000000000000000000000000000000000000000000000000000000000000000000000000000000000110100000000000000000000000000000000000000000000000000000000000000000000000000000000000000000000000000000000000000000001101100000000000000000000000000000000
0000000000000000000000000000000000000000000000000000000000000000000000000000000000000000000000000000110100000000000000000000000000000000000000000000000000000000000000000000000000000000000000000000000000000000000000000001101100000000000000000000000000000000
