00 00 00 00 00 00 00 00 00 00 00 00 0d 00 00 00 00 00 00 00 00 00 00 00 00 00 00 1c 00 00 00 00 
00 00 00 00 00 00 00 00 00 00 00 00 0d 00 00 00 00 00 00 00 00 00 00 00 00 00 00 1c 00 00 00 00 
00 00 00 00 00 00 00 00 00 00 00 00 0d 00 00 00 00 00 00 00 00 00 00 00 00 00 00 1c 00 00 00 00 
00 00 00 00 00 00 00 00 00 00 00 00 0d 00 00 00 00 00 00 00 00 00 00 00 00 00 00 1c 00 00 00 00 
00 00 00 00 00 00 00 00 00 00 00 00 0d 00 00 00 00 00 00 00 00 00 00 00 00 00 00 1c 00 00 00 00 
00 00 00 00 00 00 00 00 00 00 00 00 0d 00 00 00 00 00 00 00 00 00 00 00 00 00 00 1c 00 00 00 00 
00 00 00 00 00 00 00 00 00 00 00 00 0d 00 00 00 00 00 00 00 00 00 00 00 00 00 00 1c 00 00 00 00 
00 00 00 00 00 00 00 00 00 00 00 00 0d 00 00 00 00 00 00 00 00 00 00 00 00 00 00 1c 00 00 00 00 
00 00 00 00 00 00 00 00 00 00 00 00 0d 00 00 00 00 00 00 00 00 00 00 00 00 00 00 1c 00 00 00 00 
00 00 00 00 00 00 00 00 00 00 00 00 0d 00 00 00 00 00 00 00 00 00 00 00 00 00 00 1c 00 00 00 00 
00 00 00 00 00 00 00 00 00 00 00 00 0d 00 00 00 00 00 00 00 00 00 00 00 00 00 00 1c 00 00 00 00 
00 00 00 00 00 00 00 00 00 00 00 00 0d 00 00 00 00 00 00 00 00 00 00 00 00 00 00 1c 00 00 00 00 
00 00 00 00 00 00 00 00 00 00 00 00 0d 00 00 00 00 00 00 00 00 00 00 00 00 00 00 1c 00 00 00 00 
00 00 00 00 00 00 00 00 00 00 00 00 0d 00 00 00 00 00 00 00 00 00 00 00 00 00 00 1c 00 00 00 00 
00 00 00 00 00 00 00 00 00 00 00 00 0d 00 00 00 00 00 00 00 00 00 00 00 00 00 00 1c 00 00 00 00 
00 00 00 00 00 00 00 00 00 00 00 00 0d 00 00 00 00 00 00 00 00 00 00 00 00 00 00 1c 00 00 00 00 
00 00 00 00 00 00 00 00 00 00 00 00 0d 00 00 00 00 00 00 00 00 00 00 00 00 00 00 1c 00 00 00 00 
00 00 00 00 00 00 00 00 00 00 00 00 0d 00 00 00 00 00 00 00 00 00 00 00 00 00 00 1c 00 00 00 00 
00 00 00 00 00 00 00 00 00 00 00 00 0d 00 00 00 00 00 00 00 00 00 00 00 00 00 00 1c 00 00 00 00 
00 00 00 00 00 00 00 00 00 00 00 00 0d 00 00 00 00 00 00 00 00 00 00 00 00 00 00 1c 00 00 00 00 
00 00 00 00 00 00 00 00 00 00 00 00 0d 00 00 00 00 00 00 00 00 00 00 00 00 00 00 1c 00 00 00 00 
00 00 00 00 00 00 00 00 00 00 00 00 0d 00 00 00 00 00 00 00 00 00 00 00 00 00 00 1c 00 00 00 00 
00 00 00 00 00 00 00 00 00 00 00 00 0d 00 00 00 00 00 00 00 00 00 00 00 00 00 00 1c 00 00 00 00 
00 00 00 00 00 00 00 00 00 00 00 00 0d 00 00 00 00 00 00 00 00 00 00 00 00 00 00 1c 00 00 00 00 
00 00 00 00 00 00 00 00 00 00 00 00 0d 00 00 00 00 00 00 00 00 00 00 00 00 00 00 1c 00 00 00 00 
00 00 00 00 00 00 00 00 00 00 00 00 0d 00 00 00 00 00 00 00 00 00 00 00 00 00 00 1c 00 00 00 00 
00 00 00 00 00 00 00 00 00 00 00 00 0d 00 00 00 00 00 00 00 00 00 00 00 00 00 00 1c 00 00 00 00 
00 00 00 00 00 00 00 00 00 00 00 00 0d 00 00 00 00 00 00 00 00 00 00 00 00 00 00 1c 00 00 00 00 
00 00 00 00 00 00 00 00 00 00 00 00 0d 00 00 00 00 00 00 00 00 00 00 00 00 00 00 1c 00 00 00 00 
00 00 00 00 00 00 00 00 00 00 00 00 0d 00 00 00 00 00 00 00 00 00 00 00 00 00 00 1c 00 00 00 00 
00 00 00 00 00 00 00 00 00 00 00 00 0d 00 00 00 00 00 00 00 00 00 00 00 00 00 00 1c 00 00 00 00 
00 00 00 00 00 00 00 00 00 00 00 00 0d 00 00 00 00 00 00 00 00 00 00 00 00 00 00 1c 00 00 00 00 
00 00 00 00 00 00 00 00 00 00 00 00 0d 00 00 00 00 00 00 00 00 00 00 00 00 00 00 1c 00 00 00 00 
00 00 00 00 00 00 00 00 00 00 00 00 0d 00 00 00 00 00 00 00 00 00 00 00 00 00 00 1c 00 00 00 00 
00 00 00 00 00 00 00 00 00 00 00 00 0d 00 00 00 00 00 00 00 00 00 00 00 00 00 00 1c 00 00 00 00 
00 00 00 00 00 00 00 00 00 00 00 00 0d 00 00 00 00 00 00 00 00 00 00 00 00 00 00 1c 00 00 00 00 
00 00 00 00 00 00 00 00 00 00 00 00 0d 00 00 00 00 00 00 00 00 00 00 00 00 00 00 1c 00 00 00 00 
00 00 00 00 00 00 00 00 00 00 00 00 0d 00 00 00 00 00 00 00 00 00 00 00 00 00 00 1c 00 00 00 00 
00 00 00 00 00 00 00 00 00 00 00 00 0d 00 00 00 00 00 00 00 00 00 00 00 00 00 00 1c 00 00 00 00 
00 00 00 00 00 00 00 00 00 00 00 00 0d 00 00 00 00 00 00 00 00 00 00 00 00 00 00 1c 00 00 00 00 
00 00 00 00 00 00 00 00 00 00 00 00 0d 00 00 00 00 00 00 00 00 00 00 00 00 00 00 1c 00 00 00 00 
00 00 00 00 00 00 00 00 00 00 00 00 0d 00 00 00 00 00 00 00 00 00 00 00 00 00 00 1c 00 00 00 00 
00 00 00 00 00 00 00 00 00 00 00 00 0d 00 00 00 00 00 00 00 00 00 00 00 00 00 00 1c 00 00 00 00 
00 00 00 00 00 00 00 00 00 00 00 00 0d 00 00 00 00 00 00 00 00 00 00 00 00 00 00 1c 00 00 00 00 
00 00 00 00 00 00 00 00 00 00 00 00 0d 00 00 00 00 00 00 00 00 00 00 00 00 00 00 1c 00 00 00 00 
00 00 00 00 00 00 00 00 00 00 00 00 0d 00 00 00 00 00 00 00 00 00 00 00 00 00 00 1c 00 00 00 00 
00 00 00 00 00 00 00 00 00 00 00 00 0d 00 00 00 00 00 00 00 00 00 00 00 00 00 00 1c 00 00 00 00 
00 00 00 00 00 00 00 00 00 00 00 00 0d 00 00 00 00 00 00 00 00 00 00 00 00 00 00 1c 00 00 00 00 
00 00 00 00 00 00 00 00 00 00 00 00 0d 00 00 00 00 00 00 00 00 00 00 00 00 00 00 1c 00 00 00 00 
00 00 00 00 00 00 00 00 00 00 00 00 0d 00 00 00 00 00 00 00 00 00 00 00 00 00 00 1c 00 00 00 00 
00 00 00 00 00 00 00 00 00 00 00 00 0d 00 00 00 00 00 00 00 00 00 00 00 00 00 00 1c 00 00 00 00 
00 00 00 00 00 00 00 00 00 00 00 00 0d 00 00 00 00 00 00 00 00 00 00 00 00 00 00 1c 00 00 00 00 
00 00 00 00 00 00 00 00 00 00 00 00 0d 00 00 00 00 00 00 00 00 00 00 00 00 00 00 1c 00 00 00 00 
00 00 00 00 00 00 00 00 00 00 00 00 0d 00 00 00 00 00 00 00 00 00 00 00 00 00 00 1c 00 00 00 00 
00 00 00 00 00 00 00 00 00 00 00 00 0d 00 00 00 00 00 00 00 00 00 00 00 00 00 00 1c 00 00 00 00 
00 00 00 00 00 00 00 00 00 00 00 00 0d 00 00 00 00 00 00 00 00 00 00 00 00 00 00 1c 00 00 00 00 
00 00 00 00 00 00 00 00 00 00 00 00 0d 00 00 00 00 00 00 00 00 00 00 00 00 00 00 1c 00 00 00 00 
00 00 00 00 00 00 00 00 00 00 00 00 0d 00 00 00 00 00 00 00 00 00 00 00 00 00 00 1c 00 00 00 00 
00 00 00 00 00 00 00 00 00 00 00 00 0d 00 00 00 00 00 00 00 00 00 00 00 00 00 00 1c 00 00 00 00 
00 00 00 00 00 00 00 00 00 00 00 00 0d 00 00 00 00 00 00 00 00 00 00 00 00 00 00 1c 00 00 00 00 
00 00 00 00 00 00 00 00 00 00 00 00 0d 00 00 00 00 00 00 00 00 00 00 00 00 00 00 1c 00 00 00 00 
00 00 00 00 00 00 00 00 00 00 00 00 0d 00 00 00 00 00 00 00 00 00 00 00 00 00 00 1c 00 00 00 00 
00 00 00 00 00 00 00 00 01 00 00 00 0b 00 00 00 00 00 00 02 00 00 00 00 00 00 00 1a 00 00 00 00 
00 00 00 00 00 00 00 00 1c 00 00 18 00 00 00 00 00 00 09 20 01 00 00 00 00 00 00 02 00 00 00 00 
00 00 10 00 00 00 00 00 28 00 00 35 00 00 00 00 00 00 31 57 23 00 22 00 00 13 0e 03 00 00 00 00 
00 09 18 0b 00 00 00 00 00 00 00 13 25 00 00 00 03 00 60 5f 54 00 00 00 00 11 6b 14 00 00 00 00 
00 3f 00 04 00 00 00 00 00 00 00 00 48 00 00 00 00 00 5e 2a 5a 00 00 00 1b 00 7f 26 00 00 15 00 
00 2d 00 00 00 00 00 00 00 00 00 00 2a 00 00 00 00 05 2c 00 2a 00 00 00 00 00 53 15 00 00 00 00 
00 01 00 00 00 00 00 00 00 00 00 00 11 00 00 00 00 00 04 00 03 00 00 00 00 00 09 1a 00 00 00 00 
00 00 00 00 00 00 00 00 00 00 00 00 0d 00 00 00 00 00 00 00 00 00 00 00 00 00 00 1c 00 00 00 00 
00 00 00 00 00 00 00 00 00 00 00 00 0d 00 00 00 00 00 00 00 00 00 00 00 00 00 00 1c 00 00 00 00 
00 00 00 00 00 00 00 00 00 00 00 00 0d 00 00 00 00 00 00 00 00 00 00 00 00 00 00 1c 00 00 00 00 
00 00 00 00 00 00 00 00 00 00 00 00 0d 00 00 00 00 00 00 00 00 00 00 00 00 00 00 1c 00 00 00 00 
00 00 00 00 00 00 00 00 00 00 00 00 0d 00 00 00 00 00 00 00 00 00 00 00 00 00 00 1c 00 00 00 00 
00 00 00 00 00 00 00 00 00 00 00 00 0d 00 00 00 00 00 00 00 00 00 00 00 00 00 00 1c 00 00 00 00 
00 00 00 00 00 00 00 00 00 00 00 00 0d 00 00 00 00 00 00 00 00 00 00 00 00 00 00 1c 00 00 00 00 
00 00 00 00 00 00 00 00 00 00 00 00 0d 00 00 00 00 00 00 00 00 00 00 00 00 00 00 1c 00 00 00 00 
00 00 00 00 00 00 00 00 00 00 00 00 0d 00 00 00 00 00 00 00 00 00 00 00 00 00 00 1c 00 00 00 00 
00 00 00 00 00 00 00 00 00 00 00 00 0d 00 00 00 00 00 00 00 00 00 00 00 00 00 00 1c 00 00 00 00 
00 00 00 00 00 00 00 00 00 00 00 00 0d 00 00 00 00 00 00 00 00 00 00 00 00 00 00 1c 00 00 00 00 
00 00 00 00 00 00 00 00 00 00 00 00 0d 00 00 00 00 00 00 00 00 00 00 00 00 00 00 1c 00 00 00 00 
00 00 00 00 00 00 00 00 00 00 00 00 0d 00 00 00 00 00 00 00 00 00 00 00 00 00 00 1c 00 00 00 00 
00 00 00 00 00 00 00 00 00 00 00 00 0d 00 00 00 00 00 00 00 00 00 00 00 00 00 00 1c 00 00 00 00 
00 00 00 00 00 00 00 00 00 00 00 00 0d 00 00 00 00 00 00 00 00 00 00 00 00 00 00 1c 00 00 00 00 
00 00 00 00 00 00 00 00 00 00 00 00 0d 00 00 00 00 00 00 00 00 00 00 00 00 00 00 1c 00 00 00 00 
00 00 00 00 00 00 00 00 00 00 00 00 0d 00 00 00 00 00 00 00 00 00 00 00 00 00 00 1c 00 00 00 00 
00 00 00 00 00 00 00 00 00 00 00 00 0d 00 00 00 00 00 00 00 00 00 00 00 00 00 00 1c 00 00 00 00 
00 00 00 00 00 00 00 00 00 00 00 00 0d 00 00 00 00 00 00 00 00 00 00 00 00 00 00 1c 00 00 00 00 
00 00 00 00 00 00 00 00 08 00 00 05 04 00 00 00 00 00 00 08 00 00 00 00 00 00 00 13 00 00 00 00 
0b 00 00 00 00 1e 00 00 52 00 00 57 00 01 00 00 00 00 00 44 00 21 11 00 00 1d 00 00 00 05 00 00 
00 00 00 24 00 36 00 00 48 00 00 7f 00 00 00 00 14 00 38 56 10 05 37 00 00 45 52 00 00 18 00 00 
00 05 00 22 00 0c 00 00 00 00 00 16 00 00 00 00 00 00 7e 00 74 00 00 00 00 00 7f 00 39 00 00 00 
00 77 00 03 00 00 00 00 00 25 00 00 0a 00 00 00 00 00 7f 00 7f 00 00 00 2b 00 7f 00 00 00 00 00 
00 74 00 00 00 00 00 00 00 00 00 00 46 00 00 00 00 25 5d 00 7a 00 00 00 00 00 75 00 00 00 00 00 
00 1c 00 00 00 00 00 00 00 00 00 00 1d 00 00 00 00 0c 15 00 19 00 00 00 00 00 24 0f 00 00 00 00 
00 00 00 00 00 00 00 00 00 00 00 00 0d 00 00 00 00 00 00 00 00 00 00 00 00 00 00 1c 00 00 00 00 
00 00 00 00 00 00 00 00 00 00 00 00 0d 00 00 00 00 00 00 00 00 00 00 00 00 00 00 1c 00 00 00 00 
00 00 00 00 00 00 00 00 00 00 00 00 0d 00 00 00 00 00 00 00 00 00 00 00 00 00 00 1c 00 00 00 00 
00 00 00 00 00 00 00 00 00 00 00 00 0d 00 00 00 00 00 00 00 00 00 00 00 00 00 00 1c 00 00 00 00 
00 00 00 00 00 00 00 00 00 00 00 00 0d 00 00 00 00 00 00 00 00 00 00 00 00 00 00 1c 00 00 00 00 
00 00 00 00 00 00 00 00 00 00 00 00 0d 00 00 00 00 00 00 00 00 00 00 00 00 00 00 1c 00 00 00 00 
00 00 00 00 00 00 00 00 00 00 00 00 0d 00 00 00 00 00 00 00 00 00 00 00 00 00 00 1c 00 00 00 00 
00 00 00 00 00 00 00 00 00 00 00 00 0d 00 00 00 00 00 00 00 00 00 00 00 00 00 00 1c 00 00 00 00 
00 00 00 00 00 00 00 00 00 00 00 00 0d 00 00 00 00 00 00 00 00 00 00 00 00 00 00 1c 00 00 00 00 
00 00 00 00 00 00 00 00 00 00 00 00 0d 00 00 00 00 00 00 00 00 00 00 00 00 00 00 1c 00 00 00 00 
00 00 00 00 00 00 00 00 00 00 00 00 0d 00 00 00 00 00 00 00 00 00 00 00 00 00 00 1c 00 00 00 00 
00 00 00 00 00 00 00 00 00 00 00 00 0d 00 00 00 00 00 00 00 00 00 00 00 00 00 00 1c 00 00 00 00 
00 00 00 00 00 00 00 00 00 00 00 00 0d 00 00 00 00 00 00 00 00 00 00 00 00 00 00 1c 00 00 00 00 
00 00 00 00 00 00 00 00 00 00 00 00 0d 00 00 00 00 00 00 00 00 00 00 00 00 00 00 1c 00 00 00 00 
00 00 00 00 00 00 00 00 00 00 00 00 0d 00 00 00 00 00 00 00 00 00 00 00 00 00 00 1c 00 00 00 00 
00 00 00 00 00 00 00 00 00 00 00 00 0d 00 00 00 00 00 00 00 00 00 00 00 00 00 00 1c 00 00 00 00 
00 00 00 00 00 00 00 00 00 00 00 00 0d 00 00 00 00 00 00 00 00 00 00 00 00 00 00 1c 00 00 00 00 
00 00 00 00 00 00 00 00 00 00 00 00 0d 00 00 00 00 00 00 00 00 00 00 00 00 00 00 1c 00 00 00 00 
00 00 00 00 00 00 00 00 03 00 00 00 09 00 00 00 00 00 00 04 00 00 00 00 00 00 00 18 00 00 00 00 
00 00 00 00 00 00 00 00 2f 00 00 2f 00 00 00 00 00 00 05 2c 00 04 00 00 00 00 00 00 00 00 00 00 
00 00 00 11 00 00 00 00 69 00 00 7f 00 00 00 00 00 00 00 3f 00 2c 00 00 00 1f 34 00 00 23 00 00 
00 00 0c 00 00 00 00 1f 19 00 00 79 00 00 00 00 09 00 00 00 00 00 00 00 0a 00 4c 00 00 02 28 00 
0d 00 07 00 00 00 00 00 00 00 00 00 00 0d 5e 00 00 00 00 00 00 00 00 00 00 18 05 00 1c 00 00 00 
00 7f 0b 00 00 1a 00 00 00 00 00 00 00 00 18 00 1d 01 00 00 53 00 15 00 35 2f 00 00 04 00 00 00 
00 7f 00 00 00 00 00 00 00 00 00 00 00 00 00 00 00 58 12 00 79 00 00 00 00 00 1e 00 00 00 00 00 
00 34 00 00 00 00 00 00 00 00 00 00 1a 00 00 00 00 24 11 00 2a 00 00 00 00 00 16 00 00 00 00 00 
00 00 00 00 00 00 00 00 00 00 00 00 0d 00 00 00 00 00 00 00 00 00 00 00 00 00 00 1c 00 00 00 00 
00 00 00 00 00 00 00 00 00 00 00 00 0d 00 00 00 00 00 00 00 00 00 00 00 00 00 00 1c 00 00 00 00 
00 00 00 00 00 00 00 00 00 00 00 00 0d 00 00 00 00 00 00 00 00 00 00 00 00 00 00 1c 00 00 00 00 
00 00 00 00 00 00 00 00 00 00 00 00 0d 00 00 00 00 00 00 00 00 00 00 00 00 00 00 1c 00 00 00 00 
00 00 00 00 00 00 00 00 00 00 00 00 0d 00 00 00 00 00 00 00 00 00 00 00 00 00 00 1c 00 00 00 00 
00 00 00 00 00 00 00 00 00 00 00 00 0d 00 00 00 00 00 00 00 00 00 00 00 00 00 00 1c 00 00 00 00 
00 00 00 00 00 00 00 00 00 00 00 00 0d 00 00 00 00 00 00 00 00 00 00 00 00 00 00 1c 00 00 00 00 
00 00 00 00 00 00 00 00 00 00 00 00 0d 00 00 00 00 00 00 00 00 00 00 00 00 00 00 1c 00 00 00 00 
00 00 00 00 00 00 00 00 00 00 00 00 0d 00 00 00 00 00 00 00 00 00 00 00 00 00 00 1c 00 00 00 00 
00 00 00 00 00 00 00 00 00 00 00 00 0d 00 00 00 00 00 00 00 00 00 00 00 00 00 00 1c 00 00 00 00 
00 00 00 00 00 00 00 00 00 00 00 00 0d 00 00 00 00 00 00 00 00 00 00 00 00 00 00 1c 00 00 00 00 
00 00 00 00 00 00 00 00 00 00 00 00 0d 00 00 00 00 00 00 00 00 00 00 00 00 00 00 1c 00 00 00 00 
00 00 00 00 00 00 00 00 00 00 00 00 0d 00 00 00 00 00 00 00 00 00 00 00 00 00 00 1c 00 00 00 00 
00 00 00 00 00 00 00 00 00 00 00 00 0d 00 00 00 00 00 00 00 00 00 00 00 00 00 00 1c 00 00 00 00 
00 00 00 00 00 00 00 00 00 00 00 00 0d 00 00 00 00 00 00 00 00 00 00 00 00 00 00 1c 00 00 00 00 
00 00 00 00 00 00 00 00 00 00 00 00 0d 00 00 00 00 00 00 00 00 00 00 00 00 00 00 1c 00 00 00 00 
00 00 00 00 00 00 00 00 00 00 00 00 0d 00 00 00 00 00 00 00 00 00 00 00 00 00 00 1c 00 00 00 00 
00 00 00 00 00 00 00 00 15 00 00 10 00 00 00 00 00 00 04 16 00 00 00 00 00 00 00 08 00 00 00 00 
00 00 00 00 00 00 00 00 24 00 00 2e 00 00 00 00 00 00 1f 43 12 00 10 00 00 04 09 06 00 00 00 00 
00 00 00 1a 00 00 00 00 41 00 00 60 00 00 00 00 00 00 27 5a 00 1a 00 00 00 2f 55 00 00 1d 00 00 
00 00 00 0d 00 00 00 20 38 00 00 7f 00 00 00 00 00 00 00 00 00 06 00 00 00 00 73 00 00 01 31 00 
00 00 00 00 00 00 00 15 00 00 00 17 00 00 45 00 00 00 00 00 00 00 00 00 0f 00 2f 00 00 00 00 00 
20 00 25 00 00 08 00 00 00 00 00 00 00 0a 62 00 00 00 00 00 00 00 00 00 00 29 00 00 09 00 00 00 
10 5e 2c 00 00 13 00 00 00 00 00 00 00 06 3a 00 1b 00 00 00 2a 00 1b 00 31 2b 00 00 00 00 00 00 
00 7f 09 00 00 00 00 00 00 00 00 00 00 00 00 00 00 41 00 00 70 00 00 00 00 12 00 00 00 00 00 00 
00 4b 00 00 00 00 00 00 00 00 00 00 0e 00 00 00 00 0a 1d 13 49 00 00 00 00 00 2c 00 00 00 00 00 
00 18 00 00 00 00 00 00 00 00 00 00 25 00 00 00 00 00 21 09 20 00 00 00 00 00 3b 1f 00 00 00 00 
00 09 00 00 00 00 00 00 00 00 00 00 15 00 00 00 00 00 0a 00 09 00 00 00 00 00 15 19 00 00 00 00 
00 00 00 00 00 00 00 00 00 00 00 00 0d 00 00 00 00 00 00 00 00 00 00 00 00 00 00 1c 00 00 00 00 
00 00 00 00 00 00 00 00 00 00 00 00 0d 00 00 00 00 00 00 00 00 00 00 00 00 00 00 1c 00 00 00 00 
00 00 00 00 00 00 00 00 00 00 00 00 0d 00 00 00 00 00 00 00 00 00 00 00 00 00 00 1c 00 00 00 00 
00 00 00 00 00 00 00 00 00 00 00 00 0d 00 00 00 00 00 00 00 00 00 00 00 00 00 00 1c 00 00 00 00 
00 00 00 00 00 00 00 00 00 00 00 00 0d 00 00 00 00 00 00 00 00 00 00 00 00 00 00 1c 00 00 00 00 
00 00 00 00 00 00 00 00 00 00 00 00 0d 00 00 00 00 00 00 00 00 00 00 00 00 00 00 1c 00 00 00 00 
00 00 00 00 00 00 00 00 00 00 00 00 0d 00 00 00 00 00 00 00 00 00 00 00 00 00 00 1c 00 00 00 00 
00 00 00 00 00 00 00 00 00 00 00 00 0d 00 00 00 00 00 00 00 00 00 00 00 00 00 00 1c 00 00 00 00 
00 00 00 00 00 00 00 00 00 00 00 00 0d 00 00 00 00 00 00 00 00 00 00 00 00 00 00 1c 00 00 00 00 
00 00 00 00 00 00 00 00 00 00 00 00 0d 00 00 00 00 00 00 00 00 00 00 00 00 00 00 1c 00 00 00 00 
00 00 00 00 00 00 00 00 00 00 00 00 0d 00 00 00 00 00 00 00 00 00 00 00 00 00 00 1c 00 00 00 00 
00 00 00 00 00 00 00 00 00 00 00 00 0d 00 00 00 00 00 00 00 00 00 00 00 00 00 00 1c 00 00 00 00 
00 00 00 00 00 00 00 00 00 00 00 00 0d 00 00 00 00 00 00 00 00 00 00 00 00 00 00 1c 00 00 00 00 
00 00 00 00 00 00 00 00 00 00 00 00 0d 00 00 00 00 00 00 00 00 00 00 00 00 00 00 1c 00 00 00 00 
00 00 00 00 00 00 00 00 00 00 00 00 0d 00 00 00 00 00 00 00 00 00 00 00 00 00 00 1c 00 00 00 00 
10 00 00 00 00 1a 00 00 4c 00 00 49 00 09 00 00 00 00 00 3b 00 1d 0b 00 00 0c 00 00 00 00 00 00 
00 00 00 18 00 26 00 00 49 00 00 7f 00 00 00 00 1b 00 2f 5c 0b 00 3c 00 00 3d 3e 00 00 17 00 00 
00 00 00 17 00 00 00 21 14 00 00 58 00 00 00 00 00 00 2a 00 07 00 00 00 00 00 7f 00 00 00 0f 00 
00 00 00 00 00 00 00 1e 00 00 00 28 00 00 2e 00 00 00 00 00 00 00 00 00 01 00 46 00 00 00 00 00 
12 00 15 00 00 00 00 00 00 00 00 00 00 0b 5d 00 00 00 00 00 00 00 00 00 00 15 00 00 0a 00 00 00 
20 00 25 00 00 08 00 00 00 00 00 00 00 0a 62 00 00 00 00 00 00 00 00 00 00 29 00 00 09 00 00 00 
2e 37 38 00 00 34 00 00 00 00 00 00 00 17 5d 00 0e 00 00 00 1a 00 2d 00 08 4a 00 00 20 00 00 00 
10 67 21 00 00 33 00 00 00 00 00 00 00 0b 3c 00 00 00 08 15 6e 00 12 00 00 4e 09 00 22 00 00 00 
00 4b 00 00 00 00 00 00 00 00 00 00 00 00 00 00 00 00 5d 22 7f 00 00 00 00 08 63 00 00 00 00 00 
00 5c 00 02 00 00 00 00 00 00 00 00 3b 00 00 00 00 00 73 00 7f 00 00 00 1f 00 7f 00 00 00 00 00 
00 42 00 00 00 00 00 00 00 00 00 00 36 00 00 00 00 11 39 00 41 00 00 00 00 00 5e 0a 00 00 00 00 
00 06 00 00 00 00 00 00 00 00 00 00 13 00 00 00 00 00 08 00 07 00 00 00 00 00 11 19 00 00 00 00 
00 00 00 00 00 00 00 00 00 00 00 00 0d 00 00 00 00 00 00 00 00 00 00 00 00 00 00 1c 00 00 00 00 
00 00 00 00 00 00 00 00 00 00 00 00 0d 00 00 00 00 00 00 00 00 00 00 00 00 00 00 1c 00 00 00 00 
00 00 00 00 00 00 00 00 00 00 00 00 0d 00 00 00 00 00 00 00 00 00 00 00 00 00 00 1c 00 00 00 00 
00 00 00 00 00 00 00 00 00 00 00 00 0d 00 00 00 00 00 00 00 00 00 00 00 00 00 00 1c 00 00 00 00 
00 00 00 00 00 00 00 00 00 00 00 00 0d 00 00 00 00 00 00 00 00 00 00 00 00 00 00 1c 00 00 00 00 
00 00 00 00 00 00 00 00 00 00 00 00 0d 00 00 00 00 00 00 00 00 00 00 00 00 00 00 1c 00 00 00 00 
00 00 00 00 00 00 00 00 00 00 00 00 0d 00 00 00 00 00 00 00 00 00 00 00 00 00 00 1c 00 00 00 00 
00 00 00 00 00 00 00 00 00 00 00 00 0d 00 00 00 00 00 00 00 00 00 00 00 00 00 00 1c 00 00 00 00 
00 00 00 00 00 00 00 00 00 00 00 00 0d 00 00 00 00 00 00 00 00 00 00 00 00 00 00 1c 00 00 00 00 
00 00 00 00 00 00 00 00 00 00 00 00 0d 00 00 00 00 00 00 00 00 00 00 00 00 00 00 1c 00 00 00 00 
00 00 00 00 00 00 00 00 00 00 00 00 0d 00 00 00 00 00 00 00 00 00 00 00 00 00 00 1c 00 00 00 00 
00 00 00 00 00 00 00 00 00 00 00 00 0d 00 00 00 00 00 00 00 00 00 00 00 00 00 00 1c 00 00 00 00 
00 00 00 00 00 00 00 00 00 00 00 00 0d 00 00 00 00 00 00 00 00 00 00 00 00 00 00 1c 00 00 00 00 
00 00 00 00 00 00 00 00 24 00 00 1d 00 01 00 00 00 00 08 24 00 00 00 00 00 00 00 00 00 00 00 00 
00 00 00 15 00 00 00 00 70 00 00 7f 00 00 07 00 00 00 00 54 00 34 00 00 00 33 2d 00 00 2a 00 00 
00 00 0a 05 00 00 00 15 28 00 00 7f 00 00 00 00 13 00 00 00 00 00 00 00 0b 00 5c 00 00 0d 2a 00 
00 00 00 00 00 00 00 00 00 00 00 00 00 0b 42 00 00 00 00 00 00 00 00 00 00 00 27 00 0f 00 00 00 
11 00 14 00 00 00 00 00 00 00 00 00 00 0a 5e 00 00 00 00 00 00 00 00 00 00 13 00 00 0a 00 00 00 
20 00 26 00 00 08 00 00 00 00 00 00 00 0a 62 00 00 00 00 00 00 00 00 00 00 2a 00 00 09 00 00 00 
18 00 20 00 00 01 00 00 00 00 00 00 00 04 5c 00 00 00 00 00 00 00 00 00 00 26 00 00 04 00 00 00 
1f 0a 1b 00 00 1f 00 00 00 00 00 00 00 07 58 00 00 00 00 00 00 00 0b 00 00 3e 00 00 20 00 00 00 
1a 11 0b 00 00 42 00 00 00 00 00 00 00 19 45 00 00 00 00 00 0f 00 10 00 00 44 00 00 43 00 00 00 
00 1b 00 00 00 37 00 00 00 00 00 00 00 1c 2f 00 00 00 06 00 43 00 06 00 00 29 23 00 48 00 00 00 
00 68 00 00 00 13 00 00 00 00 00 00 00 1f 0b 00 00 00 5b 00 7f 00 00 00 09 00 43 00 23 00 00 00 
00 7f 00 00 00 00 00 00 00 00 00 00 44 00 00 00 00 0c 6a 00 7f 00 00 00 12 00 7f 00 00 00 00 00 
00 44 00 00 00 00 00 00 00 00 00 00 30 00 00 00 00 20 33 00 39 00 00 00 00 00 5a 03 00 00 00 00 
00 00 00 00 00 00 00 00 00 00 00 00 0d 00 00 00 00 00 00 00 00 00 00 00 00 00 00 1c 00 00 00 00 
00 00 00 00 00 00 00 00 00 00 00 00 0d 00 00 00 00 00 00 00 00 00 00 00 00 00 00 1c 00 00 00 00 
00 00 00 00 00 00 00 00 00 00 00 00 0d 00 00 00 00 00 00 00 00 00 00 00 00 00 00 1c 00 00 00 00 
00 00 00 00 00 00 00 00 00 00 00 00 0d 00 00 00 00 00 00 00 00 00 00 00 00 00 00 1c 00 00 00 00 
00 00 00 00 00 00 00 00 00 00 00 00 0d 00 00 00 00 00 00 00 00 00 00 00 00 00 00 1c 00 00 00 00 
00 00 00 00 00 00 00 00 00 00 00 00 0d 00 00 00 00 00 00 00 00 00 00 00 00 00 00 1c 00 00 00 00 
00 00 00 00 00 00 00 00 00 00 00 00 0d 00 00 00 00 00 00 00 00 00 00 00 00 00 00 1c 00 00 00 00 
00 00 00 00 00 00 00 00 00 00 00 00 0d 00 00 00 00 00 00 00 00 00 00 00 00 00 00 1c 00 00 00 00 
00 00 00 00 00 00 00 00 00 00 00 00 0d 00 00 00 00 00 00 00 00 00 00 00 00 00 00 1c 00 00 00 00 
00 00 00 00 00 00 00 00 00 00 00 00 0d 00 00 00 00 00 00 00 00 00 00 00 00 00 00 1c 00 00 00 00 
00 00 00 00 00 00 00 00 00 00 00 00 0d 00 00 00 00 00 00 00 00 00 00 00 00 00 00 1c 00 00 00 00 
00 00 00 00 00 00 00 00 00 00 00 00 0d 00 00 00 00 00 00 00 00 00 00 00 00 00 00 1c 00 00 00 00 
00 00 00 00 00 00 00 00 0b 00 00 07 02 00 00 00 00 00 02 0c 00 00 00 00 00 00 00 11 00 00 00 00 
00 00 00 03 00 12 00 00 52 00 00 5c 00 00 00 00 00 00 00 4a 00 27 0a 00 00 28 08 00 00 0e 00 00 
00 00 00 08 00 00 00 00 61 00 00 7f 00 00 00 00 00 00 00 01 00 16 00 00 00 00 47 00 00 06 21 00 
00 00 00 00 00 00 00 1b 00 00 00 31 00 00 41 00 00 00 00 00 00 00 00 00 18 00 32 00 00 00 00 00 
1f 00 24 00 00 09 00 00 00 00 00 00 00 0b 62 00 00 00 00 00 00 00 00 00 00 29 00 00 0c 00 00 00 
1f 00 24 00 00 09 00 00 00 00 00 00 00 0b 61 00 00 00 00 00 00 00 00 00 00 29 00 00 0b 00 00 00 
00 00 02 00 00 00 00 00 00 00 00 00 00 00 41 00 00 00 00 00 00 00 00 00 00 15 00 00 00 00 00 00 
00 0c 00 00 30 00 00 00 00 00 00 00 00 00 0e 00 00 00 00 00 00 00 00 1a 00 00 00 00 00 00 00 00 
00 00 00 00 69 00 13 00 00 00 2f 00 00 15 06 00 00 00 00 00 00 00 00 52 00 00 00 00 00 00 00 12 
23 00 00 00 6c 25 09 00 00 00 41 00 00 35 20 00 00 00 00 00 00 00 00 76 00 05 00 00 02 00 00 21 
4f 00 0f 00 2c 5f 00 00 00 00 0f 00 00 55 4d 00 00 00 00 00 00 00 3f 5b 00 34 00 00 26 00 00 00 
3d 0b 0b 00 00 7c 00 00 00 00 00 00 00 3a 6a 00 1b 00 00 00 0b 00 5e 00 00 7a 00 00 54 00 00 00 
00 7f 00 00 00 07 00 00 00 00 00 00 00 02 00 00 09 14 37 00 7f 00 00 00 30 00 2c 00 00 00 00 00 
00 7f 00 00 00 00 00 00 00 00 00 00 44 00 00 00 00 3d 4b 00 7f 00 00 00 00 00 5f 00 00 00 00 00 
00 13 00 00 00 00 00 00 00 00 00 00 1a 00 00 00 00 04 12 00 11 00 00 00 00 00 25 16 00 00 00 00 
00 00 00 00 00 00 00 00 00 00 00 00 0d 00 00 00 00 00 00 00 00 00 00 00 00 00 00 1c 00 00 00 00 
00 00 00 00 00 00 00 00 00 00 00 00 0d 00 00 00 00 00 00 00 00 00 00 00 00 00 00 1c 00 00 00 00 
00 00 00 00 00 00 00 00 00 00 00 00 0d 00 00 00 00 00 00 00 00 00 00 00 00 00 00 1c 00 00 00 00 
00 00 00 00 00 00 00 00 00 00 00 00 0d 00 00 00 00 00 00 00 00 00 00 00 00 00 00 1c 00 00 00 00 
00 00 00 00 00 00 00 00 00 00 00 00 0d 00 00 00 00 00 00 00 00 00 00 00 00 00 00 1c 00 00 00 00 
00 00 00 00 00 00 00 00 00 00 00 00 0d 00 00 00 00 00 00 00 00 00 00 00 00 00 00 1c 00 00 00 00 
00 00 00 00 00 00 00 00 00 00 00 00 0d 00 00 00 00 00 00 00 00 00 00 00 00 00 00 1c 00 00 00 00 
00 00 00 00 00 00 00 00 00 00 00 00 0d 00 00 00 00 00 00 00 00 00 00 00 00 00 00 1c 00 00 00 00 
00 00 00 00 00 00 00 00 00 00 00 00 0d 00 00 00 00 00 00 00 00 00 00 00 00 00 00 1c 00 00 00 00 
00 00 00 00 00 00 00 00 00 00 00 00 0d 00 00 00 00 00 00 00 00 00 00 00 00 00 00 1c 00 00 00 00 
00 00 00 00 00 00 00 00 05 00 00 01 07 00 00 00 00 00 00 06 00 00 00 00 00 00 00 16 00 00 00 00 
05 00 00 00 00 0a 00 00 3b 00 00 3a 00 03 00 00 00 00 09 3b 00 0b 0c 00 00 04 00 00 00 00 00 00 
00 00 00 0f 00 00 00 00 61 00 00 7f 00 00 00 00 00 00 00 36 00 1d 00 00 00 0a 41 00 00 1a 00 00 
00 00 0d 00 00 00 00 26 0f 00 00 65 00 00 10 00 00 00 00 00 00 00 00 00 08 00 52 00 00 00 1c 00 
12 00 1d 00 00 00 00 00 00 00 00 00 00 00 56 00 00 00 00 00 00 00 00 00 00 16 00 00 00 00 00 00 
15 00 1c 00 00 00 00 00 00 00 00 00 00 01 59 00 00 00 00 00 00 00 00 00 00 24 00 00 01 00 00 00 
00 00 00 00 01 00 00 00 00 00 00 00 00 00 36 00 00 00 00 00 00 00 00 03 00 0d 00 00 00 00 00 00 
00 31 00 00 49 00 11 00 00 00 0c 00 00 00 00 00 00 00 00 00 00 00 00 13 18 00 00 00 00 00 00 00 
00 2e 00 00 6d 00 52 00 00 00 53 00 00 0d 00 00 00 3d 00 00 00 00 00 42 00 00 00 00 00 00 00 11 
11 00 00 00 74 00 64 00 00 00 7f 00 00 05 00 26 00 22 00 00 00 00 00 6e 00 00 00 00 00 00 00 39 
19 00 03 00 6c 00 43 00 00 00 7f 00 00 00 00 50 00 00 00 00 00 00 00 7f 00 00 00 00 00 00 00 42 
65 00 31 00 3a 36 00 00 00 00 5c 24 00 1c 2b 50 00 00 00 00 00 00 3d 7f 00 42 00 00 00 27 00 21 
51 00 36 00 0a 51 00 00 00 00 03 18 00 2b 4f 00 32 00 00 00 00 00 65 52 00 56 00 00 00 1a 00 00 
3a 6d 41 00 00 59 00 00 00 00 00 00 00 25 58 00 25 00 00 00 4e 00 57 00 26 64 00 00 2f 00 00 00 
00 7f 00 00 00 00 00 00 00 00 00 00 00 00 00 00 00 1a 2f 10 7f 00 00 00 00 09 30 00 00 00 00 00 
00 56 00 00 00 00 00 00 00 00 00 00 47 00 00 00 00 0b 50 00 5e 00 00 00 00 00 78 07 00 00 00 00 
00 16 00 00 00 00 00 00 00 00 00 00 1b 00 00 00 00 03 15 00 14 00 00 00 00 00 2a 17 00 00 00 00 
00 00 00 00 00 00 00 00 00 00 00 00 0e 00 00 00 00 00 00 00 00 00 00 00 00 00 00 1c 00 00 00 00 
00 00 00 00 00 00 00 00 00 00 00 00 0d 00 00 00 00 00 00 00 00 00 00 00 00 00 00 1c 00 00 00 00 
00 00 00 00 00 00 00 00 00 00 00 00 0d 00 00 00 00 00 00 00 00 00 00 00 00 00 00 1c 00 00 00 00 
00 00 00 00 00 00 00 00 00 00 00 00 0d 00 00 00 00 00 00 00 00 00 00 00 00 00 00 1c 00 00 00 00 
00 00 00 00 00 00 00 00 00 00 00 00 0d 00 00 00 00 00 00 00 00 00 00 00 00 00 00 1c 00 00 00 00 
00 00 00 00 00 00 00 00 00 00 00 00 0d 00 00 00 00 00 00 00 00 00 00 00 00 00 00 1c 00 00 00 00 
00 00 00 00 00 00 00 00 00 00 00 00 0d 00 00 00 00 00 00 00 00 00 00 00 00 00 00 1c 00 00 00 00 
00 00 00 00 00 00 00 00 00 00 00 00 0d 00 00 00 00 00 00 00 00 00 00 00 00 00 00 1c 00 00 00 00 
00 00 00 00 00 00 00 00 00 00 00 00 0d 00 00 00 00 00 00 00 00 00 00 00 00 00 00 1c 00 00 00 00 
00 00 00 00 00 00 00 00 0d 00 00 0b 00 00 00 01 00 00 00 0a 00 00 00 00 00 00 00 0f 00 00 00 00 
03 00 00 00 00 17 00 00 6a 00 00 7e 00 00 00 10 00 00 00 33 00 37 00 1d 00 15 00 00 00 0e 00 00 
00 00 00 00 00 01 00 00 4b 04 00 7f 00 00 00 00 15 00 00 00 00 00 10 00 00 00 32 00 00 00 0f 00 
00 00 00 00 00 00 00 0a 00 00 00 07 00 05 45 00 00 00 00 00 00 00 00 00 00 00 2e 00 06 00 00 00 
01 00 09 00 00 00 00 00 00 00 00 00 00 00 4c 00 00 00 00 00 00 00 00 00 00 13 00 00 00 00 00 00 
00 20 00 00 32 00 00 00 00 00 00 00 00 00 05 00 00 00 00 00 00 00 00 08 0d 00 00 00 00 00 05 00 
00 25 00 00 78 00 3e 00 00 00 42 00 00 04 00 00 00 21 00 00 00 00 00 44 00 00 00 00 00 00 00 11 
12 3c 00 00 77 05 78 00 00 00 6a 00 00 32 00 00 00 59 00 00 00 00 09 4a 00 00 00 00 00 00 00 2a 
09 30 00 00 39 00 52 00 00 00 46 00 00 00 00 00 00 4d 00 00 00 00 00 2f 00 0c 00 00 00 00 00 13 
00 02 00 00 17 00 27 00 00 00 2e 00 00 00 00 0e 00 14 00 07 00 00 00 1b 00 00 00 0d 00 00 00 09 
00 00 00 00 20 00 16 00 00 00 33 00 00 00 00 2b 00 00 00 00 00 00 00 22 00 00 00 00 00 00 00 10 
00 00 00 00 38 00 00 00 38 00 4f 61 00 00 00 6e 00 00 00 00 00 23 00 7c 00 00 00 00 00 0c 00 2d 
4c 00 29 00 26 3c 00 00 11 00 35 63 00 22 17 49 14 00 00 00 00 00 55 7f 00 26 00 00 00 1c 00 0e 
47 00 1c 00 00 6e 00 00 00 00 00 00 00 38 6e 00 25 00 00 00 00 00 63 04 00 73 00 00 35 00 00 00 
0b 6a 1e 00 00 4a 00 00 00 00 00 00 00 1c 26 00 00 00 0f 02 76 00 21 00 00 3f 09 00 37 00 00 00 
00 7f 00 00 00 00 00 00 00 00 00 00 18 00 00 00 00 0c 63 00 7f 00 00 00 12 00 75 00 00 00 00 00 
00 56 00 00 00 00 00 00 00 00 00 00 3a 00 00 00 00 25 41 00 51 00 00 00 00 00 61 00 00 00 00 00 
00 04 00 00 00 00 00 00 00 00 00 00 12 00 00 00 00 00 05 00 05 00 00 00 00 00 0b 19 00 00 00 00 
00 00 00 00 00 00 00 00 00 00 00 00 0d 00 00 00 00 00 00 00 00 00 00 00 00 00 00 1c 00 00 00 00 
00 00 00 00 00 00 00 00 00 00 00 00 0d 00 00 00 00 00 00 00 00 00 00 00 00 00 00 1c 00 00 00 00 
00 00 00 00 00 00 00 00 00 00 00 00 0d 00 00 00 00 00 00 00 00 00 00 00 00 00 00 1c 00 00 00 00 
00 00 00 00 00 00 00 00 00 00 00 00 0d 00 00 00 00 00 00 00 00 00 00 00 00 00 00 1c 00 00 00 00 
00 00 00 00 00 00 00 00 00 00 00 00 0d 00 00 00 00 00 00 00 00 00 00 00 00 00 00 1c 00 00 00 00 
00 00 00 00 00 00 00 00 00 00 00 00 0d 00 00 00 00 00 00 00 00 00 00 00 00 00 00 1c 00 00 00 00 
00 00 00 00 00 00 00 00 00 00 00 00 0d 00 00 00 00 00 00 00 00 00 00 00 00 00 00 1c 00 00 00 00 
00 00 00 00 00 00 00 00 00 00 00 00 0d 00 00 00 00 00 00 00 00 00 00 00 00 00 00 1c 00 00 00 00 
00 00 00 00 00 00 00 00 12 00 00 14 04 00 00 0a 00 00 00 01 00 01 00 00 00 00 00 07 00 00 00 00 
00 00 00 00 00 00 00 00 7c 00 00 7f 00 00 00 45 00 00 00 00 00 44 00 4a 00 00 00 00 00 0d 00 00 
19 00 13 00 00 0e 00 00 26 00 00 7f 00 07 25 18 3a 00 00 00 00 00 44 2a 14 15 00 00 00 14 07 00 
08 00 0f 00 00 00 00 00 00 00 00 00 00 00 50 00 00 00 00 00 00 00 00 00 00 18 00 00 00 00 00 00 
00 2a 00 00 26 00 00 00 00 00 00 00 00 00 07 00 00 00 00 00 00 00 00 00 1b 00 00 00 00 00 06 00 
00 5c 00 00 51 00 49 00 00 00 32 00 00 04 00 00 00 54 00 00 00 00 00 14 11 00 00 00 00 00 00 00 
10 34 00 00 4a 00 61 00 00 00 5c 00 00 09 00 00 00 59 00 00 00 00 00 3b 00 00 00 00 00 00 00 15 
11 21 11 00 19 00 3c 00 00 00 39 00 00 00 00 02 00 39 00 1d 00 00 23 2a 00 2e 00 1a 00 00 00 0e 
00 10 00 00 03 00 15 00 00 00 0b 00 00 00 00 00 00 14 00 23 00 00 00 00 00 00 00 11 00 00 00 00 
00 00 00 00 00 00 00 00 00 00 00 00 0a 00 00 00 00 00 00 02 00 00 00 00 00 00 00 1b 00 00 00 00 
00 00 00 00 00 00 00 00 02 00 02 02 13 00 00 07 00 00 00 00 00 00 00 00 00 00 00 15 00 00 00 00 
00 00 00 00 2a 00 00 00 33 00 36 50 17 00 00 50 00 00 00 00 00 1f 00 36 00 00 00 00 00 00 00 19 
2a 00 00 00 2a 00 00 00 43 00 4d 7b 00 00 01 71 00 00 00 00 00 21 11 7f 00 01 00 00 00 19 00 21 
51 00 34 00 0f 51 00 00 00 00 0a 23 00 2a 41 03 2a 00 00 00 00 00 62 5a 00 4e 00 00 00 1a 00 00 
33 0a 1c 00 00 4d 00 00 00 00 00 00 00 1f 69 00 0d 00 00 00 00 00 37 00 00 61 00 00 39 00 00 00 
00 7f 00 00 00 00 00 00 00 00 00 00 00 00 00 00 18 26 0e 00 7f 00 00 00 44 00 1f 00 00 00 00 00 
00 7f 00 00 00 00 00 00 00 00 00 00 16 00 00 00 00 5b 25 00 6d 00 00 00 00 00 30 00 00 00 00 00 
00 0c 00 00 00 00 00 00 00 00 00 00 13 00 00 00 00 06 06 00 0c 00 00 00 00 00 07 12 00 00 00 00 
00 00 00 00 00 00 00 00 00 00 00 00 0d 00 00 00 00 00 00 00 00 00 00 00 00 00 00 1c 00 00 00 00 
00 00 00 00 00 00 00 00 00 00 00 00 0d 00 00 00 00 00 00 00 00 00 00 00 00 00 00 1c 00 00 00 00 
00 00 00 00 00 00 00 00 00 00 00 00 0d 00 00 00 00 00 00 00 00 00 00 00 00 00 00 1c 00 00 00 00 
00 00 00 00 00 00 00 00 00 00 00 00 0d 00 00 00 00 00 00 00 00 00 00 00 00 00 00 1c 00 00 00 00 
00 00 00 00 00 00 00 00 00 00 00 00 0d 00 00 00 00 00 00 00 00 00 00 00 00 00 00 1c 00 00 00 00 
00 00 00 00 00 00 00 00 00 00 00 00 0d 00 00 00 00 00 00 00 00 00 00 00 00 00 00 1c 00 00 00 00 
00 00 00 00 00 00 00 00 00 00 00 00 0d 00 00 00 00 00 00 00 00 00 00 00 00 00 00 1c 00 00 00 00 
00 00 00 00 00 00 00 00 00 00 00 00 0d 00 00 00 00 00 00 00 00 00 00 00 00 00 00 1c 00 00 00 00 
00 00 00 00 00 00 00 00 13 00 00 15 05 00 00 0b 00 00 00 00 00 01 00 00 00 00 00 06 00 00 00 00 
00 00 00 00 00 00 00 00 7d 00 04 7f 00 00 00 4a 00 00 00 00 00 45 00 4f 00 00 00 00 00 0d 00 00 
21 00 1a 00 00 11 00 00 21 00 00 7f 00 07 2d 1a 3f 00 00 00 00 00 4c 2f 19 1d 00 00 00 19 05 00 
00 2e 00 00 20 00 00 00 00 00 00 00 00 00 0b 00 0c 00 00 00 00 00 00 00 2a 00 00 00 00 00 15 00 
00 6d 00 00 4a 00 42 00 00 00 25 00 00 00 00 00 00 65 00 00 00 00 00 0c 13 00 00 00 00 00 00 00 
15 55 00 00 41 15 60 00 00 00 40 00 00 1d 00 00 00 6f 00 00 00 00 15 25 00 1c 00 00 00 00 00 14 
00 20 00 00 0b 00 21 00 00 00 10 00 00 00 00 00 00 26 00 25 00 00 00 06 00 05 00 08 00 00 00 00 
00 00 00 00 00 00 02 00 00 00 00 00 07 00 00 00 00 00 00 05 00 00 00 00 00 00 00 1a 00 00 00 00 
00 00 00 00 00 00 00 00 00 00 00 00 0d 00 00 00 00 00 00 00 00 00 00 00 00 00 00 1c 00 00 00 00 
00 00 00 00 00 00 00 00 00 00 00 00 0d 00 00 00 00 00 00 00 00 00 00 00 00 00 00 1c 00 00 00 00 
00 00 00 00 00 00 00 00 00 00 00 00 0d 00 00 00 00 00 00 00 00 00 00 00 00 00 00 1c 00 00 00 00 
00 00 00 00 06 00 00 00 18 00 0f 23 14 00 00 1d 00 00 00 00 00 04 00 02 00 00 00 00 00 00 00 00 
01 00 00 00 00 00 00 00 5d 00 25 7f 00 00 00 55 00 00 00 00 00 33 00 55 00 00 00 00 00 07 00 00 
3c 00 2f 00 00 1b 00 00 11 00 05 6a 00 02 34 26 28 00 00 00 00 00 4d 4f 00 38 00 00 00 2a 00 00 
2d 00 33 00 00 18 00 00 00 00 00 00 00 08 59 00 0b 00 00 00 00 00 1a 08 00 3a 00 00 00 00 00 00 
15 7f 3a 00 00 23 00 00 00 00 00 00 00 0d 32 00 29 15 00 00 59 00 31 00 4f 33 00 00 00 00 00 00 
00 7f 00 00 00 00 00 00 00 00 00 00 00 00 00 00 00 55 04 00 78 00 00 00 00 00 20 00 00 00 00 00 
00 30 00 00 00 00 00 00 00 00 00 00 18 00 00 00 00 19 14 00 22 00 00 00 00 00 2d 08 00 00 00 00 
00 00 00 00 00 00 00 00 00 00 00 00 0d 00 00 00 00 00 00 00 00 00 00 00 00 00 00 1c 00 00 00 00 
00 00 00 00 00 00 00 00 00 00 00 00 0d 00 00 00 00 00 00 00 00 00 00 00 00 00 00 1c 00 00 00 00 
00 00 00 00 00 00 00 00 00 00 00 00 0d 00 00 00 00 00 00 00 00 00 00 00 00 00 00 1c 00 00 00 00 
00 00 00 00 00 00 00 00 00 00 00 00 0d 00 00 00 00 00 00 00 00 00 00 00 00 00 00 1c 00 00 00 00 
00 00 00 00 00 00 00 00 00 00 00 00 0d 00 00 00 00 00 00 00 00 00 00 00 00 00 00 1c 00 00 00 00 
00 00 00 00 00 00 00 00 00 00 00 00 0d 00 00 00 00 00 00 00 00 00 00 00 00 00 00 1c 00 00 00 00 
00 00 00 00 00 00 00 00 00 00 00 00 0d 00 00 00 00 00 00 00 00 00 00 00 00 00 00 1c 00 00 00 00 
00 00 00 00 00 00 00 00 00 00 00 00 0d 00 00 00 00 00 00 00 00 00 00 00 00 00 00 1c 00 00 00 00 
00 00 00 00 00 00 00 00 28 00 00 28 00 00 00 00 00 00 00 14 00 06 00 00 00 00 00 00 00 00 00 00 
00 00 00 00 00 00 00 00 78 00 00 7f 00 00 00 30 00 00 00 12 00 39 00 2a 00 00 0e 00 00 1b 00 00 
10 00 26 00 00 00 00 00 0c 00 00 6e 00 00 23 00 2b 00 00 00 00 00 25 0f 22 10 0e 00 00 16 16 00 
00 7f 0d 00 00 00 02 00 00 00 00 00 00 00 00 00 27 24 00 00 23 00 00 00 73 00 00 00 00 00 08 00 
00 7f 00 00 00 00 20 00 00 00 00 00 00 00 00 00 00 7f 00 00 19 00 00 00 00 00 00 00 00 00 00 00 
00 1a 00 00 09 00 22 00 00 00 17 00 00 00 00 00 00 23 00 32 00 00 06 0f 00 12 00 0f 00 00 00 00 
00 00 00 00 00 00 03 00 00 00 00 00 03 00 00 00 00 00 00 08 00 00 00 00 00 00 00 19 00 00 00 00 
00 00 00 00 00 00 00 00 00 00 00 00 0d 00 00 00 00 00 00 00 00 00 00 00 00 00 00 1c 00 00 00 00 
00 00 00 00 00 00 00 00 00 00 00 00 0d 00 00 00 00 00 00 00 00 00 00 00 00 00 00 1c 00 00 00 00 
00 00 00 00 00 00 00 00 00 00 00 00 0d 00 00 00 00 00 00 00 00 00 00 00 00 00 00 1c 00 00 00 00 
00 00 00 00 00 00 00 00 00 00 00 00 0d 00 00 00 00 00 00 00 00 00 00 00 00 00 00 1c 00 00 00 00 
00 00 00 00 00 00 00 00 20 00 00 20 00 00 00 00 00 00 00 0f 00 03 00 00 00 00 00 00 00 00 00 00 
00 00 00 00 00 00 00 00 6a 00 00 7f 00 00 00 20 00 00 00 17 00 2d 00 1b 00 00 02 00 00 0f 00 00 
07 00 16 00 00 00 00 00 23 00 00 7f 00 00 21 00 1c 00 00 00 00 00 17 0c 00 10 16 00 00 1a 11 00 
18 00 28 00 00 00 00 00 00 00 00 00 00 00 51 00 00 00 00 00 00 00 00 00 00 20 00 00 00 00 00 00 
00 7a 00 00 00 0b 00 00 00 00 00 00 00 00 1c 00 24 06 00 00 36 00 0c 00 41 3a 00 00 01 00 00 00 
00 7f 00 00 00 00 06 00 00 00 00 00 00 00 00 00 00 73 00 00 6b 00 00 00 00 00 00 00 00 00 00 00 
00 32 00 00 06 00 0a 00 00 21 00 00 16 00 00 00 00 2b 07 00 2a 00 00 00 00 00 00 00 00 00 00 00 
00 00 00 00 00 00 00 00 00 00 00 00 0d 00 00 00 00 00 00 00 00 00 00 00 00 00 00 1c 00 00 00 00 
00 00 00 00 00 00 00 00 00 00 00 00 0d 00 00 00 00 00 00 00 00 00 00 00 00 00 00 1c 00 00 00 00 
00 00 00 00 00 00 00 00 00 00 00 00 0d 00 00 00 00 00 00 00 00 00 00 00 00 00 00 1c 00 00 00 00 
00 00 00 00 00 00 00 00 00 00 00 00 0d 00 00 00 00 00 00 00 00 00 00 00 00 00 00 1c 00 00 00 00 
00 00 00 00 00 00 00 00 00 00 00 00 0d 00 00 00 00 00 00 00 00 00 00 00 00 00 00 1c 00 00 00 00 
00 00 00 00 00 00 00 00 00 00 00 00 0d 00 00 00 00 00 00 00 00 00 00 00 00 00 00 1c 00 00 00 00 
00 00 00 00 00 00 00 00 00 00 00 00 0d 00 00 00 00 00 00 00 00 00 00 00 00 00 00 1c 00 00 00 00 
00 00 00 00 00 00 00 00 00 00 00 00 0d 00 00 00 00 00 00 00 00 00 00 00 00 00 00 1c 00 00 00 00 
00 00 00 00 00 04 00 00 4f 00 00 53 00 00 00 06 00 00 00 2b 00 25 00 0c 00 00 00 00 00 00 00 00 
00 00 00 00 00 00 00 00 6b 00 00 7f 00 00 00 1c 00 00 00 09 00 1c 00 11 00 00 24 00 00 12 0d 00 
00 00 0b 00 00 00 00 0f 00 00 00 34 00 00 39 00 06 00 00 00 00 00 00 00 16 00 25 00 00 00 00 00 
00 7f 0e 00 00 00 00 00 00 00 00 00 00 00 00 00 3e 54 00 00 6c 00 18 00 7f 19 00 00 00 00 00 00 
00 7f 00 00 00 00 00 00 00 00 00 00 00 00 00 00 00 7f 00 00 58 00 00 00 00 00 00 00 00 00 00 00 
00 00 00 00 00 00 00 00 00 00 00 00 0d 00 00 00 00 00 00 00 00 00 00 00 00 00 00 1c 00 00 00 00 
00 00 00 00 00 00 00 00 00 00 00 00 0d 00 00 00 00 00 00 00 00 00 00 00 00 00 00 1c 00 00 00 00 
00 00 00 00 00 00 00 00 00 00 00 00 0d 00 00 00 00 00 00 00 00 00 00 00 00 00 00 1c 00 00 00 00 
00 00 00 00 00 00 00 00 00 00 00 00 0d 00 00 00 00 00 00 00 00 00 00 00 00 00 00 1c 00 00 00 00 
00 00 00 00 00 00 00 00 03 00 00 00 09 00 00 00 00 00 00 04 00 00 00 00 00 00 00 18 00 00 00 00 
00 00 00 00 00 00 00 00 0a 00 00 09 05 00 00 00 00 00 06 11 03 00 00 00 00 00 00 14 00 00 00 00 
00 00 00 00 00 00 00 00 43 00 00 4c 00 00 00 00 00 00 04 3c 00 15 00 00 00 09 04 00 00 00 00 00 
00 00 00 0c 00 00 00 00 5b 00 00 7f 00 00 00 00 00 00 00 20 00 1d 00 00 00 05 44 00 00 1a 0b 00 
00 00 09 00 00 00 00 1a 00 00 00 48 00 00 1d 00 00 00 00 00 00 00 00 00 0c 00 3d 00 00 00 0f 00 
0c 00 11 00 00 00 00 00 00 00 00 00 00 05 59 00 00 00 00 00 00 00 00 00 00 14 00 00 04 00 00 00 
00 7f 0f 00 00 00 00 00 00 00 00 00 00 00 00 00 1e 20 00 00 22 00 00 00 5d 00 00 00 00 00 00 00 
00 7f 00 00 00 00 18 00 00 00 00 00 00 00 00 00 00 7f 00 00 34 00 00 00 00 00 00 00 00 00 00 00 
00 24 00 00 00 00 12 00 00 00 00 00 00 00 00 00 00 23 00 1e 00 00 00 00 00 00 00 04 00 00 00 00 
00 00 00 00 00 00 00 00 00 00 00 00 0d 00 00 00 00 00 00 00 00 00 00 00 00 00 00 1c 00 00 00 00 
00 00 00 00 00 00 00 00 00 00 00 00 0d 00 00 00 00 00 00 00 00 00 00 00 00 00 00 1c 00 00 00 00 
00 00 00 00 00 00 00 00 00 00 00 00 0d 00 00 00 00 00 00 00 00 00 00 00 00 00 00 1c 00 00 00 00 
00 00 00 00 00 00 00 00 00 00 00 00 0d 00 00 00 00 00 00 00 00 00 00 00 00 00 00 1c 00 00 00 00 
00 00 00 00 00 00 00 00 00 00 00 00 0d 00 00 00 00 00 00 00 00 00 00 00 00 00 00 1c 00 00 00 00 
00 00 00 00 00 00 00 00 00 00 00 00 0d 00 00 00 00 00 00 00 00 00 00 00 00 00 00 1c 00 00 00 00 
00 00 00 00 00 00 00 00 00 00 00 00 0d 00 00 00 00 00 00 00 00 00 00 00 00 00 00 1c 00 00 00 00 
00 00 00 00 00 00 00 00 00 00 00 00 0d 00 00 00 00 00 00 00 00 00 00 00 00 00 00 1c 00 00 00 00 
00 00 00 00 00 00 00 00 6d 00 00 7f 00 00 00 30 00 00 00 14 00 41 00 35 00 00 00 00 00 05 00 00 
03 00 00 00 00 04 00 00 54 00 00 7f 00 03 00 2e 20 00 00 00 00 09 2b 2c 00 00 01 00 00 12 0c 00 
0d 00 0c 00 00 00 00 00 00 00 00 00 00 0b 54 00 00 00 00 00 00 00 00 00 00 0b 00 00 00 00 00 00 
00 7f 0d 00 00 00 00 00 00 00 00 00 00 00 00 00 3d 53 00 00 6d 00 16 00 7f 18 00 00 00 00 00 00 
00 7f 00 00 00 00 00 00 00 00 00 00 00 00 00 00 00 7f 00 00 58 00 00 00 00 00 00 00 00 00 00 00 
00 00 00 00 00 00 00 00 00 00 00 00 0d 00 00 00 00 00 00 00 00 00 00 00 00 00 00 1c 00 00 00 00 
00 00 00 00 00 00 00 00 00 00 00 00 0d 00 00 00 00 00 00 00 00 00 00 00 00 00 00 1c 00 00 00 00 
00 00 00 00 00 00 00 00 00 00 00 00 0d 00 00 00 00 00 00 00 00 00 00 00 00 00 00 1c 00 00 00 00 
00 00 00 00 00 00 00 00 00 00 00 00 0d 00 00 00 00 00 00 00 00 00 00 00 00 00 00 1c 00 00 00 00 
00 00 00 00 00 00 00 00 21 00 00 1c 00 00 00 00 00 00 03 1e 00 00 00 00 00 00 00 00 00 00 00 00 
01 00 00 00 00 0d 00 00 37 00 00 4a 00 00 00 00 00 00 26 55 11 00 26 00 00 1e 0f 00 00 00 00 00 
00 00 00 21 00 00 00 00 3f 00 00 73 00 00 00 00 00 00 27 43 00 12 00 00 00 1b 75 00 00 18 00 00 
00 00 00 03 00 00 00 30 14 00 00 6b 00 00 00 00 00 00 00 00 00 00 00 00 00 00 70 00 00 00 28 00 
00 00 00 00 00 00 00 00 00 00 00 00 00 00 49 00 00 00 00 00 00 00 00 00 01 00 18 00 00 00 00 00 
00 16 00 00 1a 00 00 00 00 00 00 00 00 00 1b 00 00 00 00 00 00 00 00 00 0a 00 00 00 00 00 04 00 
00 7f 00 00 2b 05 34 00 00 00 00 00 00 06 00 00 00 73 00 00 25 00 00 00 38 00 00 00 00 00 00 00 
00 6e 00 00 1e 00 33 00 00 00 00 00 00 12 00 00 00 6a 00 00 2a 00 00 00 00 00 00 00 00 00 00 00 
00 07 00 00 00 00 07 00 00 00 00 00 04 00 00 00 00 07 00 00 03 00 00 00 00 00 00 12 00 00 00 00 
00 00 00 00 00 00 00 00 00 00 00 00 0d 00 00 00 00 00 00 00 00 00 00 00 00 00 00 1c 00 00 00 00 
00 00 00 00 00 00 00 00 00 00 00 00 0d 00 00 00 00 00 00 00 00 00 00 00 00 00 00 1c 00 00 00 00 
00 00 00 00 00 00 00 00 00 00 00 00 0d 00 00 00 00 00 00 00 00 00 00 00 00 00 00 1c 00 00 00 00 
00 00 00 00 00 00 00 00 00 00 00 00 0d 00 00 00 00 00 00 00 00 00 00 00 00 00 00 1c 00 00 00 00 
00 00 00 00 00 00 00 00 00 00 00 00 0d 00 00 00 00 00 00 00 00 00 00 00 00 00 00 1c 00 00 00 00 
00 00 00 00 00 00 00 00 00 00 00 00 0d 00 00 00 00 00 00 00 00 00 00 00 00 00 00 1c 00 00 00 00 
00 00 00 00 00 00 00 00 00 00 00 00 0d 00 00 00 00 00 00 00 00 00 00 00 00 00 00 1c 00 00 00 00 
00 00 00 00 00 00 00 00 00 00 00 00 0d 00 00 00 00 00 00 00 00 00 00 00 00 00 00 1c 00 00 00 00 
00 00 00 00 00 00 00 00 75 00 05 7f 00 00 00 43 00 00 00 00 00 45 00 44 00 00 00 00 00 00 00 00 
1b 00 0d 00 00 09 00 00 48 00 00 7f 00 04 18 3a 31 00 00 00 00 05 43 3d 03 11 00 00 00 1d 03 00 
20 00 23 00 00 09 00 00 00 00 00 00 00 0a 59 00 00 00 00 00 00 00 07 00 00 27 00 00 00 00 00 00 
00 7f 0d 00 00 00 00 00 00 00 00 00 00 00 00 00 3d 53 00 00 6d 00 16 00 7f 18 00 00 00 00 00 00 
00 7f 00 00 00 00 00 00 00 00 00 00 00 00 00 00 00 7f 00 00 58 00 00 00 00 00 00 00 00 00 00 00 
00 00 00 00 00 00 00 00 00 00 00 00 0d 00 00 00 00 00 00 00 00 00 00 00 00 00 00 1c 00 00 00 00 
00 00 00 00 00 00 00 00 00 00 00 00 0d 00 00 00 00 00 00 00 00 00 00 00 00 00 00 1c 00 00 00 00 
00 00 00 00 00 00 00 00 00 00 00 00 0d 00 00 00 00 00 00 00 00 00 00 00 00 00 00 1c 00 00 00 00 
00 00 00 00 00 00 00 00 24 00 00 1d 00 01 00 00 00 00 08 24 00 00 00 00 00 00 00 00 00 00 00 00 
00 00 00 0c 00 00 00 00 46 00 00 61 00 00 00 00 00 00 19 5e 00 0f 16 00 00 32 29 00 00 15 00 00 
00 00 00 20 00 00 00 00 32 00 00 6c 00 00 00 00 00 00 30 37 04 0f 00 00 00 1d 75 00 00 16 05 00 
00 00 00 00 00 00 00 1a 04 00 00 51 00 00 00 00 00 00 0a 00 00 00 00 00 00 00 68 00 00 00 0a 00 
00 00 00 00 00 00 00 08 00 00 00 00 00 0d 4d 00 00 00 00 00 00 00 00 00 00 00 2a 00 0d 00 00 00 
00 01 0f 00 00 00 00 00 00 00 00 00 00 00 45 00 00 00 00 00 00 00 00 00 00 0c 00 00 00 00 00 00 
00 62 00 00 1b 00 0a 00 00 00 00 00 00 00 00 00 00 1c 00 00 00 00 00 00 3d 00 00 00 00 00 00 00 
01 7f 00 00 17 00 3d 00 00 00 11 00 00 00 00 00 00 7f 00 00 03 00 00 00 00 03 00 00 00 00 00 00 
00 2e 00 00 12 00 2c 00 00 00 15 00 00 00 00 00 00 37 00 23 00 00 00 0b 00 12 00 00 00 00 00 00 
00 00 00 00 00 00 03 00 00 00 00 00 03 00 00 00 00 00 00 08 00 00 00 00 00 00 00 19 00 00 00 00 
00 00 00 00 00 00 00 00 00 00 00 00 0d 00 00 00 00 00 00 00 00 00 00 00 00 00 00 1c 00 00 00 00 
00 00 00 00 00 00 00 00 00 00 00 00 0d 00 00 00 00 00 00 00 00 00 00 00 00 00 00 1c 00 00 00 00 
00 00 00 00 00 00 00 00 00 00 00 00 0d 00 00 00 00 00 00 00 00 00 00 00 00 00 00 1c 00 00 00 00 
00 00 00 00 00 00 00 00 00 00 00 00 0d 00 00 00 00 00 00 00 00 00 00 00 00 00 00 1c 00 00 00 00 
00 00 00 00 00 00 00 00 00 00 00 00 0d 00 00 00 00 00 00 00 00 00 00 00 00 00 00 1c 00 00 00 00 
00 00 00 00 00 00 00 00 00 00 00 00 0d 00 00 00 00 00 00 00 00 00 00 00 00 00 00 1c 00 00 00 00 
00 00 00 00 00 00 00 00 00 00 00 00 0d 00 00 00 00 00 00 00 00 00 00 00 00 00 00 1c 00 00 00 00 
00 00 00 00 00 00 00 00 00 00 00 00 0d 00 00 00 00 00 00 00 00 00 00 00 00 00 00 1c 00 00 00 00 
00 00 00 00 00 00 00 00 75 00 05 7f 00 00 00 43 00 00 00 00 00 46 00 44 00 00 00 00 00 01 00 00 
1c 00 0e 00 00 09 00 00 49 00 00 7f 00 04 19 3a 31 00 00 00 00 05 44 3d 02 11 00 00 00 1d 03 00 
20 00 24 00 00 09 00 00 00 00 00 00 00 09 5a 00 01 00 00 00 00 00 08 00 00 28 00 00 00 00 00 00 
00 7f 25 00 00 0f 00 00 00 00 00 00 00 00 12 00 38 40 00 00 6e 00 28 00 74 26 00 00 00 00 00 00 
00 7f 00 00 00 00 00 00 00 00 00 00 00 00 00 00 00 59 00 00 69 00 00 00 00 00 03 00 00 00 00 00 
00 00 0b 00 00 00 00 00 1a 00 00 1b 00 00 00 00 00 00 29 3b 1d 00 00 00 00 00 10 00 00 00 00 00 
00 00 1d 05 00 00 00 00 17 00 00 2d 0e 00 00 00 05 00 4e 67 40 00 17 00 00 1e 3f 0b 00 01 00 00 
00 12 32 12 00 00 00 00 00 00 00 0a 24 00 00 00 00 00 71 64 62 00 00 00 00 11 7f 06 00 01 00 00 
00 00 0c 2f 00 00 00 00 1b 00 00 36 02 00 00 00 00 00 5d 72 37 0f 00 00 00 3c 7f 00 00 25 00 00 
00 00 00 1e 00 00 00 1a 25 00 00 70 00 00 00 00 00 00 3c 1b 0d 01 00 00 00 00 7f 00 00 05 2e 00 
00 00 00 00 00 00 00 25 00 00 00 38 00 00 20 00 00 00 00 00 00 00 00 00 00 00 62 00 00 00 00 00 
08 00 11 00 00 00 00 00 00 00 00 00 00 00 53 00 00 00 00 00 00 00 00 00 00 08 09 00 00 00 00 00 
20 00 26 00 00 08 00 00 00 00 00 00 00 0a 62 00 00 00 00 00 00 00 00 00 00 2a 00 00 09 00 00 00 
00 40 00 00 17 00 00 00 00 00 00 00 00 00 0a 00 12 00 00 00 00 00 00 00 34 00 00 00 00 00 0e 00 
00 7f 00 00 27 00 39 00 00 00 00 00 00 00 00 00 00 7f 00 00 1d 00 00 00 16 00 00 00 00 00 00 00 
00 4c 00 00 24 02 3c 00 00 00 14 00 00 0e 00 00 00 57 00 00 0a 00 00 00 00 01 00 00 00 00 00 00 
00 03 00 00 00 00 08 00 00 00 01 00 00 00 00 00 00 04 00 10 00 00 00 00 00 00 00 17 00 00 00 00 
00 00 00 00 00 00 00 00 00 00 00 00 0d 00 00 00 00 00 00 00 00 00 00 00 00 00 00 1c 00 00 00 00 
00 00 00 00 00 00 00 00 00 00 00 00 0d 00 00 00 00 00 00 00 00 00 00 00 00 00 00 1c 00 00 00 00 
00 00 00 00 00 00 00 00 00 00 00 00 0d 00 00 00 00 00 00 00 00 00 00 00 00 00 00 1c 00 00 00 00 
00 00 00 00 00 00 00 00 00 00 00 00 0d 00 00 00 00 00 00 00 00 00 00 00 00 00 00 1c 00 00 00 00 
00 00 00 00 00 00 00 00 00 00 00 00 0d 00 00 00 00 00 00 00 00 00 00 00 00 00 00 1c 00 00 00 00 
00 00 00 00 00 00 00 00 00 00 00 00 0d 00 00 00 00 00 00 00 00 00 00 00 00 00 00 1c 00 00 00 00 
00 00 00 00 00 00 00 00 00 00 00 00 0d 00 00 00 00 00 00 00 00 00 00 00 00 00 00 1c 00 00 00 00 
00 00 00 00 00 00 00 00 00 00 00 00 0d 00 00 00 00 00 00 00 00 00 00 00 00 00 00 1c 00 00 00 00 
00 00 00 00 00 00 00 00 00 00 00 00 0d 00 00 00 00 00 00 00 00 00 00 00 00 00 00 1c 00 00 00 00 
00 00 00 00 16 00 00 00 60 00 1a 7f 00 00 00 52 00 00 00 00 00 41 00 48 00 00 00 00 00 00 00 11 
25 00 06 00 13 13 00 00 4e 00 1f 7f 00 15 00 56 0a 00 00 00 00 12 34 65 00 00 00 00 00 10 00 05 
30 00 15 00 00 2e 00 00 00 00 00 00 00 2e 62 00 14 00 00 00 00 00 2e 1d 00 34 00 00 04 00 00 00 
3a 7c 4d 00 00 52 00 00 00 00 00 00 00 25 54 00 23 00 00 00 5c 00 52 00 30 59 00 00 28 00 00 00 
00 6a 0f 00 00 0a 00 00 00 00 00 00 00 00 2c 00 00 00 2c 3b 7f 00 00 00 00 3e 2a 00 01 00 00 00 
00 00 00 30 00 00 00 00 0f 00 00 2c 00 00 00 00 00 00 63 45 45 00 00 00 00 29 7f 00 00 06 00 00 
00 00 00 2c 00 07 00 00 08 00 00 3e 00 00 00 00 00 00 6d 1e 50 00 00 00 00 0f 7f 00 24 00 00 00 
00 06 00 28 00 14 00 00 00 16 00 07 00 0a 00 00 00 00 7e 00 7a 00 00 00 00 00 7f 00 65 00 00 00 
00 00 00 17 00 00 00 1c 00 1a 00 29 00 0f 00 00 00 00 48 00 3c 00 00 00 00 00 7f 00 33 00 00 00 
00 00 00 00 00 00 00 1c 00 00 00 14 00 0f 39 00 00 00 00 00 00 00 00 00 00 00 52 00 1c 00 00 00 
04 00 07 00 00 00 00 00 00 00 00 00 00 0c 52 00 00 00 00 00 00 00 00 00 00 07 03 00 0e 00 00 00 
18 00 1b 00 00 01 00 00 00 00 00 00 00 0b 5f 00 00 00 00 00 00 00 00 00 00 1e 00 00 0b 00 00 00 
00 00 02 00 00 00 00 00 00 00 00 00 00 00 41 00 00 00 00 00 00 00 00 00 00 15 00 00 00 00 00 00 
00 7f 07 00 1e 00 20 00 00 00 00 00 00 00 00 00 03 46 00 00 13 00 00 00 58 00 00 00 00 00 00 00 
00 7f 00 00 0b 00 37 00 00 00 03 00 00 00 00 00 00 7f 00 00 16 00 00 00 00 0c 00 00 00 00 00 00 
00 16 00 00 05 00 19 00 00 00 0c 00 00 00 00 00 00 1a 00 31 00 00 00 04 00 03 00 0c 00 00 00 00 
00 00 00 00 00 00 00 00 00 00 00 00 0d 00 00 00 00 00 00 00 00 00 00 00 00 00 00 1c 00 00 00 00 
00 00 00 00 00 00 00 00 00 00 00 00 0d 00 00 00 00 00 00 00 00 00 00 00 00 00 00 1c 00 00 00 00 
00 00 00 00 00 00 00 00 00 00 00 00 0d 00 00 00 00 00 00 00 00 00 00 00 00 00 00 1c 00 00 00 00 
00 00 00 00 00 00 00 00 00 00 00 00 0d 00 00 00 00 00 00 00 00 00 00 00 00 00 00 1c 00 00 00 00 
00 00 00 00 00 00 00 00 00 00 00 00 0d 00 00 00 00 00 00 00 00 00 00 00 00 00 00 1c 00 00 00 00 
00 00 00 00 00 00 00 00 00 00 00 00 0d 00 00 00 00 00 00 00 00 00 00 00 00 00 00 1c 00 00 00 00 
00 00 00 00 00 00 00 00 00 00 00 00 0d 00 00 00 00 00 00 00 00 00 00 00 00 00 00 1c 00 00 00 00 
00 00 00 00 00 00 00 00 00 00 00 00 0d 00 00 00 00 00 00 00 00 00 00 00 00 00 00 1c 00 00 00 00 
00 00 00 00 00 00 00 00 00 00 00 00 0d 00 00 00 00 00 00 00 00 00 00 00 00 00 00 1c 00 00 00 00 
00 00 00 00 00 00 00 00 00 00 00 00 0d 00 00 00 00 00 00 00 00 00 00 00 00 00 00 1c 00 00 00 00 
00 00 00 00 26 00 00 00 37 00 2a 53 16 00 00 49 00 00 00 00 00 21 00 2e 00 00 00 00 00 00 00 15 
2a 00 00 00 1d 00 00 00 57 00 42 7f 00 04 03 6e 00 00 00 00 00 2e 0e 7f 00 00 00 00 00 15 00 16 
4a 00 32 00 06 47 00 00 00 00 01 2a 00 26 48 00 33 00 00 00 00 00 61 4e 00 4c 00 00 00 19 00 00 
36 1d 23 00 00 53 00 00 00 00 00 00 00 16 6d 00 0c 00 00 00 0c 00 3c 00 00 70 00 00 46 00 00 00 
00 20 00 00 00 41 00 00 00 00 00 00 00 0d 27 00 00 00 00 00 40 00 00 00 00 3d 1f 00 4d 00 00 00 
00 00 00 00 00 00 00 07 00 00 00 0c 00 0c 15 00 00 00 05 00 13 00 00 00 00 00 59 00 1d 00 00 00 
00 00 00 00 00 00 00 05 00 00 00 00 00 0c 4d 00 00 00 00 00 00 00 00 00 00 00 27 00 0c 00 00 00 
1a 00 1f 00 00 01 00 00 00 00 00 00 00 0a 60 00 00 00 00 00 00 00 00 00 00 20 00 00 09 00 00 00 
21 00 27 00 00 08 00 00 00 00 00 00 00 0a 63 00 00 00 00 00 00 00 00 00 00 2a 00 00 09 00 00 00 
19 00 20 00 00 02 00 00 00 00 00 00 00 04 5c 00 00 00 00 00 00 00 00 00 00 26 00 00 03 00 00 00 
0b 00 11 00 00 00 00 00 00 00 00 00 00 00 4a 00 00 00 00 00 00 00 00 00 00 19 00 00 00 00 00 00 
00 0b 00 00 39 00 00 00 00 00 00 00 00 00 11 00 00 00 00 00 00 00 00 18 00 00 00 00 00 00 00 00 
00 22 00 00 78 00 38 00 00 00 3c 00 00 0a 00 00 00 15 00 00 00 00 00 43 00 00 00 00 00 00 00 0f 
1b 7b 00 00 5a 39 71 00 00 00 3d 00 00 3e 00 00 00 7f 00 00 02 00 30 20 0a 11 00 00 00 00 00 15 
00 4a 00 00 19 03 2f 00 00 00 04 00 00 00 00 00 00 4d 00 0d 12 00 00 00 00 01 00 00 00 00 00 00 
00 00 00 00 00 00 00 00 00 00 00 00 0d 00 00 00 00 00 00 00 00 00 00 00 00 00 00 1c 00 00 00 00 
00 00 00 00 00 00 00 00 00 00 00 00 0d 00 00 00 00 00 00 00 00 00 00 00 00 00 00 1c 00 00 00 00 
00 00 00 00 00 00 00 00 00 00 00 00 0d 00 00 00 00 00 00 00 00 00 00 00 00 00 00 1c 00 00 00 00 
00 00 00 00 00 00 00 00 00 00 00 00 0d 00 00 00 00 00 00 00 00 00 00 00 00 00 00 1c 00 00 00 00 
00 00 00 00 00 00 00 00 00 00 00 00 0d 00 00 00 00 00 00 00 00 00 00 00 00 00 00 1c 00 00 00 00 
00 00 00 00 00 00 00 00 00 00 00 00 0d 00 00 00 00 00 00 00 00 00 00 00 00 00 00 1c 00 00 00 00 
00 00 00 00 00 00 00 00 00 00 00 00 0d 00 00 00 00 00 00 00 00 00 00 00 00 00 00 1c 00 00 00 00 
00 00 00 00 00 00 00 00 00 00 00 00 0d 00 00 00 00 00 00 00 00 00 00 00 00 00 00 1c 00 00 00 00 
00 00 00 00 00 00 00 00 00 00 00 00 0d 00 00 00 00 00 00 00 00 00 00 00 00 00 00 1c 00 00 00 00 
00 00 00 00 00 00 00 00 00 00 00 00 0d 00 00 00 00 00 00 00 00 00 00 00 00 00 00 1c 00 00 00 00 
00 00 00 00 00 00 00 00 00 00 00 00 0d 00 00 00 00 00 00 00 00 00 00 00 00 00 00 1c 00 00 00 00 
00 00 00 00 13 00 00 00 12 00 16 1e 1b 00 00 22 00 00 00 00 00 02 00 04 00 00 00 00 00 00 00 05 
00 00 00 00 44 00 00 00 48 00 4e 70 00 00 00 77 00 00 00 00 00 39 00 6f 00 00 00 00 00 00 00 38 
24 00 00 00 5f 1a 00 00 03 00 5a 50 00 0c 00 65 09 00 00 00 00 00 30 7f 00 01 00 00 00 07 00 3b 
4a 00 0e 00 2d 52 00 00 00 00 10 00 00 55 52 00 00 00 00 00 00 00 35 5b 00 2a 00 00 1c 00 00 00 
31 00 18 00 00 2e 00 00 00 00 00 00 00 30 6b 00 0b 00 00 00 00 00 24 15 00 37 00 00 0e 00 00 00 
20 00 25 00 00 08 00 00 00 00 00 00 00 0a 61 00 00 00 00 00 00 00 00 00 00 29 00 00 0a 00 00 00 
20 00 25 00 00 08 00 00 00 00 00 00 00 0a 61 00 00 00 00 00 00 00 00 00 00 29 00 00 09 00 00 00 
20 00 25 00 00 08 00 00 00 00 00 00 00 0a 61 00 00 00 00 00 00 00 00 00 00 29 00 00 09 00 00 00 
20 00 25 00 00 08 00 00 00 00 00 00 00 0a 62 00 00 00 00 00 00 00 00 00 00 29 00 00 09 00 00 00 
00 0f 00 00 00 00 00 00 00 00 00 00 00 00 32 00 03 00 00 00 00 00 00 00 08 09 00 00 00 00 01 00 
00 29 00 00 4d 00 0a 00 00 00 0c 00 00 00 00 00 00 00 00 00 00 00 00 1e 00 00 00 00 00 00 00 00 
00 2e 00 00 7f 00 67 00 00 00 66 00 00 1f 00 00 00 40 00 00 00 00 00 4a 00 00 00 00 00 00 00 1c 
1d 28 00 00 5e 00 6f 00 00 00 72 00 00 16 00 02 00 54 00 00 00 00 03 51 00 01 00 00 00 00 00 29 
1b 2e 17 00 1e 0e 45 00 00 00 3b 00 00 00 00 00 00 46 00 1f 00 00 2f 2e 00 3b 00 14 00 00 00 10 
00 14 00 00 04 00 15 00 00 00 08 00 00 00 00 00 00 17 00 24 00 00 00 00 00 00 00 0d 00 00 00 00 
00 00 00 00 00 00 00 00 00 00 00 00 0d 00 00 00 00 00 00 00 00 00 00 00 00 00 00 1c 00 00 00 00 
00 00 00 00 00 00 00 00 00 00 00 00 0d 00 00 00 00 00 00 00 00 00 00 00 00 00 00 1c 00 00 00 00 
00 00 00 00 00 00 00 00 00 00 00 00 0d 00 00 00 00 00 00 00 00 00 00 00 00 00 00 1c 00 00 00 00 
00 00 00 00 00 00 00 00 00 00 00 00 0d 00 00 00 00 00 00 00 00 00 00 00 00 00 00 1c 00 00 00 00 
00 00 00 00 00 00 00 00 00 00 00 00 0d 00 00 00 00 00 00 00 00 00 00 00 00 00 00 1c 00 00 00 00 
00 00 00 00 00 00 00 00 00 00 00 00 0d 00 00 00 00 00 00 00 00 00 00 00 00 00 00 1c 00 00 00 00 
00 00 00 00 00 00 00 00 00 00 00 00 0d 00 00 00 00 00 00 00 00 00 00 00 00 00 00 1c 00 00 00 00 
00 00 00 00 00 00 00 00 00 00 00 00 0d 00 00 00 00 00 00 00 00 00 00 00 00 00 00 1c 00 00 00 00 
00 00 00 00 00 00 00 00 00 00 00 00 0d 00 00 00 00 00 00 00 00 00 00 00 00 00 00 1c 00 00 00 00 
00 00 00 00 00 00 00 00 00 00 00 00 0d 00 00 00 00 00 00 00 00 00 00 00 00 00 00 1c 00 00 00 00 
00 00 00 00 00 00 00 00 00 00 00 00 0d 00 00 00 00 00 00 00 00 00 00 00 00 00 00 1c 00 00 00 00 
00 00 00 00 00 00 00 00 02 00 02 02 13 00 00 07 00 00 00 00 00 00 00 00 00 00 00 15 00 00 00 00 
00 00 00 00 2f 00 03 00 21 00 3c 3d 27 00 00 4c 00 00 00 00 00 10 00 2a 00 00 00 00 00 00 00 18 
00 00 00 00 64 00 28 00 07 00 7f 31 00 00 00 7f 00 00 00 00 00 07 00 7b 00 00 00 00 00 00 00 4c 
2e 00 00 00 7f 0e 29 00 00 00 7f 03 00 00 00 6d 00 00 00 00 00 00 16 7f 00 1d 00 00 00 10 00 5c 
46 00 0a 00 6c 53 05 00 00 00 56 00 00 40 16 31 00 00 00 00 00 00 43 7f 00 23 00 00 00 00 00 32 
43 00 09 00 21 4d 00 00 00 00 00 00 00 55 5e 00 00 00 00 00 00 00 32 48 00 2d 00 00 1e 00 00 00 
0f 00 02 00 00 0a 00 00 00 00 00 00 00 0e 4f 00 09 00 00 00 00 00 04 0d 00 24 00 00 00 00 00 00 
00 09 00 00 2a 00 00 00 00 00 00 00 00 00 15 00 00 00 00 00 00 00 00 15 00 00 00 00 00 00 00 00 
00 00 00 00 68 00 06 00 00 00 27 00 00 10 04 00 00 00 00 00 00 00 00 55 00 00 00 00 00 00 00 0f 
00 1a 00 00 7f 08 4c 00 00 00 4c 00 00 37 00 00 00 0d 00 00 00 00 00 4a 06 00 00 00 00 00 00 21 
00 48 00 00 5b 00 61 00 00 00 4f 00 00 20 00 00 00 56 00 00 00 00 00 2a 00 00 00 00 00 00 00 0a 
14 3a 06 00 24 00 49 00 00 00 3f 00 00 00 00 00 00 56 00 00 00 00 0f 27 00 23 00 08 00 00 00 09 
00 15 00 00 0a 00 22 00 00 00 19 00 00 00 00 00 00 1f 00 2b 00 00 01 10 00 0b 00 0f 00 00 00 01 
00 00 00 00 00 00 06 00 00 00 01 00 01 00 00 00 00 01 00 08 00 00 00 00 00 00 00 1b 00 00 00 00 
00 00 00 00 00 00 00 00 00 00 00 00 0a 00 00 00 00 00 00 02 00 00 00 00 00 00 00 1b 00 00 00 00 
00 00 00 00 00 00 00 00 00 00 00 00 0d 00 00 00 00 00 00 00 00 00 00 00 00 00 00 1c 00 00 00 00 
00 00 00 00 00 00 00 00 00 00 00 00 0d 00 00 00 00 00 00 00 00 00 00 00 00 00 00 1c 00 00 00 00 
00 00 00 00 00 00 00 00 00 00 00 00 0d 00 00 00 00 00 00 00 00 00 00 00 00 00 00 1c 00 00 00 00 
00 00 00 00 00 00 00 00 00 00 00 00 0d 00 00 00 00 00 00 00 00 00 00 00 00 00 00 1c 00 00 00 00 
00 00 00 00 00 00 00 00 00 00 00 00 0d 00 00 00 00 00 00 00 00 00 00 00 00 00 00 1c 00 00 00 00 
00 00 00 00 00 00 00 00 00 00 00 00 0d 00 00 00 00 00 00 00 00 00 00 00 00 00 00 1c 00 00 00 00 
00 00 00 00 00 00 00 00 00 00 00 00 0d 00 00 00 00 00 00 00 00 00 00 00 00 00 00 1c 00 00 00 00 
00 00 00 00 00 00 00 00 00 00 00 00 0d 00 00 00 00 00 00 00 00 00 00 00 00 00 00 1c 00 00 00 00 
00 00 00 00 00 00 00 00 00 00 00 00 0d 00 00 00 00 00 00 00 00 00 00 00 00 00 00 1c 00 00 00 00 
00 00 00 00 00 00 00 00 00 00 00 00 0d 00 00 00 00 00 00 00 00 00 00 00 00 00 00 1c 00 00 00 00 
00 00 00 00 00 00 00 00 00 00 00 00 0d 00 00 00 00 00 00 00 00 00 00 00 00 00 00 1c 00 00 00 00 
00 00 00 00 00 00 00 00 00 00 00 00 0d 00 00 00 00 00 00 00 00 00 00 00 00 00 00 1c 00 00 00 00 
00 00 00 00 05 00 01 00 05 00 0a 0a 18 00 00 0f 00 00 00 00 00 00 00 00 00 00 00 0f 00 00 00 00 
00 00 00 00 1a 00 11 00 04 00 2f 12 22 00 00 2e 00 00 00 00 00 00 00 0f 00 00 00 09 00 00 00 08 
00 00 00 00 43 00 21 00 00 00 68 1d 0d 00 00 61 00 00 00 00 00 00 00 56 00 00 00 00 00 00 00 2d 
08 00 00 00 74 00 38 00 00 00 7f 10 00 00 00 7f 00 00 00 00 00 00 00 7f 00 00 00 00 00 0c 00 5a 
17 00 00 00 7f 09 4c 00 00 00 7f 00 00 00 00 71 00 00 00 00 00 00 0e 7f 00 0f 00 00 00 02 00 75 
09 00 00 00 7f 1a 6d 00 00 00 7f 00 00 2e 00 42 00 00 00 00 00 00 09 7f 00 00 00 00 00 00 00 69 
06 0b 00 00 7f 00 7e 00 00 05 7f 00 00 44 00 16 00 2d 00 00 00 00 00 73 00 00 00 00 00 00 00 49 
12 00 00 00 7f 00 6b 00 00 00 7f 00 00 0f 00 2f 00 1e 00 00 00 00 00 7a 00 00 00 00 00 00 00 42 
2b 12 1e 00 55 04 63 00 00 00 73 00 00 00 00 22 06 38 00 00 00 00 31 61 00 23 00 00 00 00 00 31 
0a 39 00 00 24 13 43 00 00 00 2d 00 00 00 00 00 00 48 00 12 00 00 1f 21 00 26 00 00 00 00 00 0c 
00 12 00 00 04 00 11 00 00 00 03 00 00 00 00 00 00 14 00 12 00 00 00 00 00 00 00 0c 00 00 00 00 
00 00 00 00 00 00 00 00 00 00 00 00 0d 00 00 00 00 00 00 00 00 00 00 00 00 00 00 1c 00 00 00 00 
00 00 00 00 00 00 00 00 00 00 00 00 0d 00 00 00 00 00 00 00 00 00 00 00 00 00 00 1c 00 00 00 00 
00 00 00 00 00 00 00 00 00 00 00 00 0d 00 00 00 00 00 00 00 00 00 00 00 00 00 00 1c 00 00 00 00 
00 00 00 00 00 00 00 00 00 00 00 00 0d 00 00 00 00 00 00 00 00 00 00 00 00 00 00 1c 00 00 00 00 
00 00 00 00 00 00 00 00 00 00 00 00 0d 00 00 00 00 00 00 00 00 00 00 00 00 00 00 1c 00 00 00 00 
00 00 00 00 00 00 00 00 00 00 00 00 0d 00 00 00 00 00 00 00 00 00 00 00 00 00 00 1c 00 00 00 00 
00 00 00 00 00 00 00 00 00 00 00 00 0d 00 00 00 00 00 00 00 00 00 00 00 00 00 00 1c 00 00 00 00 
00 00 00 00 00 00 00 00 00 00 00 00 0d 00 00 00 00 00 00 00 00 00 00 00 00 00 00 1c 00 00 00 00 
00 00 00 00 00 00 00 00 00 00 00 00 0d 00 00 00 00 00 00 00 00 00 00 00 00 00 00 1c 00 00 00 00 
00 00 00 00 00 00 00 00 00 00 00 00 0d 00 00 00 00 00 00 00 00 00 00 00 00 00 00 1c 00 00 00 00 
00 00 00 00 00 00 00 00 00 00 00 00 0d 00 00 00 00 00 00 00 00 00 00 00 00 00 00 1c 00 00 00 00 
00 00 00 00 00 00 00 00 00 00 00 00 0d 00 00 00 00 00 00 00 00 00 00 00 00 00 00 1c 00 00 00 00 
00 00 00 00 00 00 00 00 00 00 00 00 0d 00 00 00 00 00 00 00 00 00 00 00 00 00 00 1c 00 00 00 00 
00 00 00 00 00 00 00 00 00 00 00 00 0d 00 00 00 00 00 00 00 00 00 00 00 00 00 00 1c 00 00 00 00 
00 00 00 00 00 00 00 00 00 00 00 00 0d 00 00 00 00 00 00 00 00 00 00 00 00 00 00 1c 00 00 00 00 
00 00 00 00 00 00 00 00 00 00 00 00 0d 00 00 00 00 00 00 00 00 00 00 00 00 00 00 1c 00 00 00 00 
00 00 00 00 00 00 00 00 00 00 00 00 0d 00 00 00 00 00 00 00 00 00 00 00 00 00 00 1c 00 00 00 00 
00 00 00 00 07 00 02 00 06 00 0c 0c 1a 00 00 12 00 00 00 00 00 00 00 00 00 00 00 0d 00 00 00 00 
00 00 00 00 20 00 14 00 06 00 3a 18 27 00 00 38 00 00 00 00 00 00 00 18 00 00 00 04 00 00 00 0c 
00 00 00 00 3c 00 36 00 00 00 71 01 16 00 00 58 00 00 00 00 00 00 00 4a 00 00 00 00 00 00 00 21 
1b 00 2a 00 3c 00 51 00 00 00 7f 00 00 00 00 49 00 17 00 00 00 00 0e 5f 00 02 00 13 00 00 00 29 
20 0f 2c 00 26 00 48 00 00 00 57 00 00 00 00 1c 00 31 00 16 00 00 26 46 00 30 00 15 00 08 00 19 
00 00 00 00 18 00 29 00 00 00 31 00 00 00 00 11 00 13 00 10 00 00 00 21 00 00 00 09 00 00 00 0a 
00 00 00 00 0b 00 19 00 00 00 1e 00 00 00 00 0e 00 0a 00 00 00 00 00 08 00 00 00 1c 00 00 00 03 
00 06 00 00 01 00 0f 00 00 00 0b 00 00 00 00 00 00 0b 00 0f 00 00 00 00 00 00 00 1b 00 00 00 00 
00 00 00 00 00 00 03 00 00 00 00 00 03 00 00 00 00 00 00 08 00 00 00 00 00 00 00 19 00 00 00 00 
00 00 00 00 00 00 00 00 00 00 00 00 0d 00 00 00 00 00 00 00 00 00 00 00 00 00 00 1c 00 00 00 00 
00 00 00 00 00 00 00 00 00 00 00 00 0d 00 00 00 00 00 00 00 00 00 00 00 00 00 00 1c 00 00 00 00 
00 00 00 00 00 00 00 00 00 00 00 00 0d 00 00 00 00 00 00 00 00 00 00 00 00 00 00 1c 00 00 00 00 
00 00 00 00 00 00 00 00 00 00 00 00 0d 00 00 00 00 00 00 00 00 00 00 00 00 00 00 1c 00 00 00 00 
00 00 00 00 00 00 00 00 00 00 00 00 0d 00 00 00 00 00 00 00 00 00 00 00 00 00 00 1c 00 00 00 00 
00 00 00 00 00 00 00 00 00 00 00 00 0d 00 00 00 00 00 00 00 00 00 00 00 00 00 00 1c 00 00 00 00 
00 00 00 00 00 00 00 00 00 00 00 00 0d 00 00 00 00 00 00 00 00 00 00 00 00 00 00 1c 00 00 00 00 
00 00 00 00 00 00 00 00 00 00 00 00 0d 00 00 00 00 00 00 00 00 00 00 00 00 00 00 1c 00 00 00 00 
00 00 00 00 00 00 00 00 00 00 00 00 0d 00 00 00 00 00 00 00 00 00 00 00 00 00 00 1c 00 00 00 00 
00 00 00 00 00 00 00 00 00 00 00 00 0d 00 00 00 00 00 00 00 00 00 00 00 00 00 00 1c 00 00 00 00 
00 00 00 00 00 00 00 00 00 00 00 00 0d 00 00 00 00 00 00 00 00 00 00 00 00 00 00 1c 00 00 00 00 
00 00 00 00 00 00 00 00 00 00 00 00 0d 00 00 00 00 00 00 00 00 00 00 00 00 00 00 1c 00 00 00 00 
00 00 00 00 00 00 00 00 00 00 00 00 0d 00 00 00 00 00 00 00 00 00 00 00 00 00 00 1c 00 00 00 00 
00 00 00 00 00 00 00 00 00 00 00 00 0d 00 00 00 00 00 00 00 00 00 00 00 00 00 00 1c 00 00 00 00 
00 00 00 00 00 00 00 00 00 00 00 00 0d 00 00 00 00 00 00 00 00 00 00 00 00 00 00 1c 00 00 00 00 
00 00 00 00 00 00 00 00 00 00 00 00 0d 00 00 00 00 00 00 00 00 00 00 00 00 00 00 1c 00 00 00 00 
00 00 00 00 00 00 00 00 00 00 00 00 0d 00 00 00 00 00 00 00 00 00 00 00 00 00 00 1c 00 00 00 00 
00 00 00 00 00 00 00 00 00 00 00 00 0d 00 00 00 00 00 00 00 00 00 00 00 00 00 00 1c 00 00 00 00 
00 00 00 00 00 00 00 00 00 00 00 00 0d 00 00 00 00 00 00 00 00 00 00 00 00 00 00 1c 00 00 00 00 
00 00 00 00 00 00 00 00 00 00 00 00 0d 00 00 00 00 00 00 00 00 00 00 00 00 00 00 1c 00 00 00 00 
00 00 00 00 00 00 00 00 00 00 00 00 0d 00 00 00 00 00 00 00 00 00 00 00 00 00 00 1c 00 00 00 00 
00 00 00 00 00 00 00 00 00 00 00 00 0d 00 00 00 00 00 00 00 00 00 00 00 00 00 00 1c 00 00 00 00 
00 00 00 00 00 00 00 00 00 00 00 00 0d 00 00 00 00 00 00 00 00 00 00 00 00 00 00 1c 00 00 00 00 
00 00 00 00 00 00 00 00 00 00 00 00 0d 00 00 00 00 00 00 00 00 00 00 00 00 00 00 1c 00 00 00 00 
00 00 00 00 00 00 00 00 00 00 00 00 0d 00 00 00 00 00 00 00 00 00 00 00 00 00 00 1c 00 00 00 00 
00 00 00 00 00 00 00 00 00 00 00 00 0d 00 00 00 00 00 00 00 00 00 00 00 00 00 00 1c 00 00 00 00 
00 00 00 00 00 00 00 00 00 00 00 00 0d 00 00 00 00 00 00 00 00 00 00 00 00 00 00 1c 00 00 00 00 
00 00 00 00 00 00 00 00 00 00 00 00 0d 00 00 00 00 00 00 00 00 00 00 00 00 00 00 1c 00 00 00 00 
00 00 00 00 00 00 00 00 00 00 00 00 0d 00 00 00 00 00 00 00 00 00 00 00 00 00 00 1c 00 00 00 00 
00 00 00 00 00 00 00 00 00 00 00 00 0d 00 00 00 00 00 00 00 00 00 00 00 00 00 00 1c 00 00 00 00 
00 00 00 00 00 00 00 00 00 00 00 00 0d 00 00 00 00 00 00 00 00 00 00 00 00 00 00 1c 00 00 00 00 
00 00 00 00 00 00 00 00 00 00 00 00 0d 00 00 00 00 00 00 00 00 00 00 00 00 00 00 1c 00 00 00 00 
00 00 00 00 00 00 00 00 00 00 00 00 0d 00 00 00 00 00 00 00 00 00 00 00 00 00 00 1c 00 00 00 00 
00 00 00 00 00 00 00 00 00 00 00 00 0d 00 00 00 00 00 00 00 00 00 00 00 00 00 00 1c 00 00 00 00 
00 00 00 00 00 00 00 00 00 00 00 00 0d 00 00 00 00 00 00 00 00 00 00 00 00 00 00 1c 00 00 00 00 
00 00 00 00 00 00 00 00 00 00 00 00 0d 00 00 00 00 00 00 00 00 00 00 00 00 00 00 1c 00 00 00 00 
00 00 00 00 00 00 00 00 00 00 00 00 0d 00 00 00 00 00 00 00 00 00 00 00 00 00 00 1c 00 00 00 00 
00 00 00 00 00 00 00 00 00 00 00 00 0d 00 00 00 00 00 00 00 00 00 00 00 00 00 00 1c 00 00 00 00 
00 00 00 00 00 00 00 00 00 00 00 00 0d 00 00 00 00 00 00 00 00 00 00 00 00 00 00 1c 00 00 00 00 
00 00 00 00 00 00 00 00 00 00 00 00 0d 00 00 00 00 00 00 00 00 00 00 00 00 00 00 1c 00 00 00 00 
00 00 00 00 00 00 00 00 00 00 00 00 0d 00 00 00 00 00 00 00 00 00 00 00 00 00 00 1c 00 00 00 00 
00 00 00 00 00 00 00 00 00 00 00 00 0d 00 00 00 00 00 00 00 00 00 00 00 00 00 00 1c 00 00 00 00 
00 00 00 00 00 00 00 00 00 00 00 00 0d 00 00 00 00 00 00 00 00 00 00 00 00 00 00 1c 00 00 00 00 
00 00 00 00 00 00 00 00 00 00 00 00 0d 00 00 00 00 00 00 00 00 00 00 00 00 00 00 1c 00 00 00 00 
00 00 00 00 00 00 00 00 00 00 00 00 0d 00 00 00 00 00 00 00 00 00 00 00 00 00 00 1c 00 00 00 00 
00 00 00 00 00 00 00 00 00 00 00 00 0d 00 00 00 00 00 00 00 00 00 00 00 00 00 00 1c 00 00 00 00 
00 00 00 00 00 00 00 00 00 00 00 00 0d 00 00 00 00 00 00 00 00 00 00 00 00 00 00 1c 00 00 00 00 
00 00 00 00 00 00 00 00 00 00 00 00 0d 00 00 00 00 00 00 00 00 00 00 00 00 00 00 1c 00 00 00 00 
00 00 00 00 00 00 00 00 00 00 00 00 0d 00 00 00 00 00 00 00 00 00 00 00 00 00 00 1c 00 00 00 00 
00 00 00 00 00 00 00 00 00 00 00 00 0d 00 00 00 00 00 00 00 00 00 00 00 00 00 00 1c 00 00 00 00 
00 00 00 00 00 00 00 00 00 00 00 00 0d 00 00 00 00 00 00 00 00 00 00 00 00 00 00 1c 00 00 00 00 
00 00 00 00 00 00 00 00 00 00 00 00 0d 00 00 00 00 00 00 00 00 00 00 00 00 00 00 1c 00 00 00 00 
00 00 00 00 00 00 00 00 00 00 00 00 0d 00 00 00 00 00 00 00 00 00 00 00 00 00 00 1c 00 00 00 00 
00 00 00 00 00 00 00 00 00 00 00 00 0d 00 00 00 00 00 00 00 00 00 00 00 00 00 00 1c 00 00 00 00 
00 00 00 00 00 00 00 00 00 00 00 00 0d 00 00 00 00 00 00 00 00 00 00 00 00 00 00 1c 00 00 00 00 
00 00 00 00 00 00 00 00 00 00 00 00 0d 00 00 00 00 00 00 00 00 00 00 00 00 00 00 1c 00 00 00 00 
00 00 00 00 00 00 00 00 00 00 00 00 0d 00 00 00 00 00 00 00 00 00 00 00 00 00 00 1c 00 00 00 00 
00 00 00 00 00 00 00 00 00 00 00 00 0d 00 00 00 00 00 00 00 00 00 00 00 00 00 00 1c 00 00 00 00 
00 00 00 00 00 00 00 00 00 00 00 00 0d 00 00 00 00 00 00 00 00 00 00 00 00 00 00 1c 00 00 00 00 
00 00 00 00 00 00 00 00 00 00 00 00 0d 00 00 00 00 00 00 00 00 00 00 00 00 00 00 1c 00 00 00 00 
00 00 00 00 00 00 00 00 00 00 00 00 0d 00 00 00 00 00 00 00 00 00 00 00 00 00 00 1c 00 00 00 00 
