00000000000000000000000000000000
00000000000000000000000000000000
00000000000000000000000000000000
00000000000000000000000000000000
00000000000000000000000000000000
00000000000000000000000000000000
00000000000000000000000000000000
00000000000000000000000000000000
00000000000000000000000000000000
00000000000000000000000000000000
00000000000000000000000000000000
00000000000000000000000000000000
00000000000000000000000000000000
00000000000000000000000000000000
00000000000000000000000000000000
00000000000000000000000000000000
00000000000000000000000000000000
00000000000000000000000000000000
00000000000000000000000000000000
00000000000000000000000000000000
00000000000000000000000000000000
00000000000000000000000000000000
00000000000000000000000000000000
00000000000000000000000000000000
00000000000000000000000000000000
00000000000000000000000000000000
00000000000000000000000000000000
00000000000000000000000000000000
00000000000000000000000000000000
00000000000000000000000000000000
00000000000000000000000000000000
00001011100101101111110111001010
00011111000000000000000000000000
00000000000000000000000000000000
00000000000000000000000000000000
00000000000000000000000000000000
00000000000000000000000000000000
00000000000000000000000000000000
00100101111110111111101111111101
01101011000000000000000000000000
00000000000000000000000000000000
00000000000000000000000000000000
00000000000000000000000000000000
00000000000000000000000000000000
00000000000000000000000000010101
11000101111110111111101111111101
01101011000000000000000000000000
00000000000000000000000000000000
00000000000000000000000000000000
00000000000000000000000000000000
00000000000000000000000000000000
00000000000000000110111010111110
11111011111110111111101111111101
10101001011011010011111000000000
00000000000000000000000000000000
00000000000000000000000000000000
00000000000000000000000000000000
00000000000000000000000000000000
00000000000000001111110111111011
11111011111110111111101111111101
11111011111110111101110000110011
00000000000000000000000000000000
00000000000000000000000000000000
00000000000000000000000000000000
00000000000000000000000000000000
00000000101101101111111111111101
11111101111111011111110111101010
11011110111111011111110111111101
00000000000000000000000000000000
00000000000000000000000000000000
00000000000000000000000000000000
00000000000000000000000000000000
00111111110111011111110111111011
11111011111110111001001101001101
00111110100000001111101111111011
01101001000000000000000000000000
00000000000000000000000000000000
00000000000000000000000000000000
00000000000000000000000000100000
11100111111110111111110111111011
11011100100010010000101000000000
00000000000111111110011011111011
11110011011100010000010100000000
00000000000000000000000000000000
00000000000000000000000000000000
00000000000000000000000000100101
11111011111110111111110110111100
00010100000000000000000000000000
00000000000000000110110111111011
11111101111110110010001100000000
00000000000000000000000000000000
00000000000000000000000000000000
00000000000000000000000000100101
11111011111110111100100100011110
00000000000000000000000000000000
00000000000000000001111111001000
11111101111110110010001100000000
00000000000000000000000000000000
00000000000000000000000000000000
00000000000000000000000000100101
11111101111111010000000000000000
00000000000000000000000000000000
00000000000000000010000011001010
11111111111111011010010000000000
00000000000000000000000000000000
00000000000000000000000000000000
00000000000000000000000010001100
11111011111110110000000000000000
00000000000000000000000000000000
00000000000000000110110111111011
11111101111110110010001100000000
00000000000000000000000000000000
00000000000000000000000000000000
00000000000000000000000011011001
11111011111110110000000000000000
00000000000000000000000000000000
00010101001111111110011111111011
11111101111001100001111000000000
00000000000000000000000000000000
00000000000000000000000000000000
00000000000000000000000011011001
11111011111110110000000000000000
00000000000000000000000000000000
10010000111110111111101111111011
11011101001111010000000000000000
00000000000000000000000000000000
00000000000000000000000000000000
00000000000000000000000011011001
11111011111110110000000000000000
00000000000000000000000010110110
11011101111110111111101111111011
10110100000000000000000000000000
00000000000000000000000000000000
00000000000000000000000000000000
00000000000000000000000011011010
11111101111111010100100101001001
11100100111111011111110111111111
11111101111111011111110111111101
00000000000000000000000000000000
00000000000000000000000000000000
00000000000000000000000000000000
00000000000000000000000001110001
11111011111110111111110111111011
11111011111110111111101111111101
11111011111110111111101110010011
00000000000000000000000000000000
00000000000000000000000000000000
00000000000000000000000000000000
00000000000000000000000000011111
11100110111110111111110111111011
11111011111110111111101111111101
11100110101111010010001100001010
00000000000000000000000000000000
00000000000000000000000000000000
00000000000000000000000000000000
00000000000000000000000000000000
00111110100011101111110111111011
11111011111110111111101111111101
01101011000000000000000000000000
00000000000000000000000000000000
00000000000000000000000000000000
00000000000000000000000000000000
00000000000000000000000000000000
00000000000000000100100010101110
11111011101011010100011101001000
00011110000000000000000000000000
00000000000000000000000000000000
00000000000000000000000000000000
00000000000000000000000000000000
00000000000000000000000000000000
00000000000000000000000000000000
00000000000000000000000000000000
00000000000000000000000000000000
00000000000000000000000000000000
00000000000000000000000000000000
00000000000000000000000000000000
00000000000000000000000000000000
00000000000000000000000000000000
00000000000000000000000000000000
00000000000000000000000000000000
00000000000000000000000000000000
00000000000000000000000000000000
00000000000000000000000000000000
00000000000000000000000000000000
00000000000000000000000000000000
00000000000000000000000000000000
00000000000000000000000000000000
00000000000000000000000000000000
00000000000000000000000000000000
00000000000000000000000000000000
00000000000000000000000000000000
00000000000000000000000000000000
00000000000000000000000000000000
00000000000000000000000000000000
00000000000000000000000000000000
00000000000000000000000000000000
