0000000000000000000000000000000000000000000000000000000000000000
0000000000000000000000000000000000001101000000000000000000000000
0000000000000000000000000000000000000000000000000000000000000000
0000000000000000000000000001110000000000000000000000000000000000
0000000000000000000000000000000000000000000000000000000000000000
0000000000000000000000000000000000001101000000000000000000000000
0000000000000000000000000000000000000000000000000000000000000000
0000000000000000000000000001110000000000000000000000000000000000
0000000000000000000000000000000000000000000000000000000000000000
0000000000000000000000000000000000001101000000000000000000000000
0000000000000000000000000000000000000000000000000000000000000000
0000000000000000000000000001110000000000000000000000000000000000
0000000000000000000000000000000000000000000000000000000000000000
0000000000000000000000000000000000001101000000000000000000000000
0000000000000000000000000000000000000000000000000000000000000000
0000000000000000000000000001110000000000000000000000000000000000
0000000000000000000000000000000000000000000000000000000000000000
0001011000000000000000000001110100001101000000000000000000000000
0000000000000000001000000011010100011001000000000000000100000000
0000000000000000000100100001110000000000000000000000000000000000
0000000000000000001000010000000000000000000000000000000000000000
0001000000000000000000000001110000010001000000000000000000000000
0000000000000000010010110101011000111101000000000000000000000000
0000000000001010001111110001110000000000000000000000000000000000
0000000000101100001011000001000000000000000000000000000000000000
0000001000000000000000000001100000111011000000000000000000000000
0000000000000000011100010110100001100111000000000000000000000000
0000111000011001011111110001110000000000000000110000100100000000
0000000000110000000000000000000000000000000000000000000000000000
0000000000000000000000000000000000110100000000000000000000000000
0000000000000000010101100010100101001111000000000000000000000000
0000000000000000011111110010000100000000000000000000000100000000
0000000000010000000000000000000000000000000000000000000000000000
0000000000000000000000000000000000011000000000000000000000000000
0000000000000011000100000000000000001111000000000000000000000000
0000000000000000001000000001110000000000000000000000000000000000
0000000000000000000000000000000000000000000000000000000000000000
0000000000000000000000000000000000001101000000000000000000000000
0000000000000000000000000000000000000000000000000000000000000000
0000000000000000000000000001110000000000000000000000000000000000
0000000000000000000000000000000000000000000000000000000000000000
0000000000000000000000000000000000001101000000000000000000000000
0000000000000000000000000000000000000000000000000000000000000000
0000000000000000000000000001110000000000000000000000000000000000
0000000000000000000000000000000000000000000000000000000000000000
0000000000000000000000000000000000001101000000000000000000000000
0000000000000000000000000000000000000000000000000000000000000000
0000000000000000000000000001110000000000000000000000000000000000
0000000000000000000000000000000000000000000000000000000000000000
0000000000000000000000000000000000001101000000000000000000000000
0000000000000000000000000000000000000000000000000000000000000000
0000000000000000000000000001110000000000000000000000000000000000
0000000000000000000000000000000000000000000000000000000000000000
0000000000000000000000000000000000001101000000000000000000000000
0000000000000000000000000000000000000000000000000000000000000000
0000000000000000000000000001110000000000000000000000000000000000
0000000000000000000000000000000000000000000000000000000000000000
0000000000000000000000000000000000001101000000000000000000000000
0000000000000000000000000000000000000000000000000000000000000000
0000000000000000000000000001110000000000000000000000000000000000
0000000000000000000000000000000000000000000000000000000000000000
0000000000000000000000000000000000001101000000000000000000000000
0000000000000000000000000000000000000000000000000000000000000000
0000000000000000000000000001110000000000000000000000000000000000
0000000000000000000000000001000100000000000100010000000000000000
0101000000000000000000000110100000001101000000000000000000000000
0000000000000000000110110110100100000000000101110010001000000000
0000000001000011001001000001110000000000000111010000000000000000
0000000000000000000010110010000100000000000010110000000000010000
0100010000000000000000000111111100000000000000000000111100000000
0000010100000000010111110110010101000100000010110010010000000000
0000000000110110011111110000000000100000000100100001100100000000
0000000000000000000000000010111100000000000000000000000000001001
0000000100000000000000000010100000000000000000100010001000000000
0000000000000000011101000010010001100101000000000000000000000000
0000000000010011011111110000000000101000000000000000000000000000
0100010100110100000100110010101000011000010111000000000000000000
0000000000100100000000000001110100000000010000000101111100000000
0000000000000000011111110000000001111111000000000011101000011111
0000000001001101011111110000000001010001000000000000000000000000
0001110101111111000010010001010000000000010101010000000000000000
0000000000001100000000000000000000110111001011000100011000000000
0000001100000000011111110000000001111111000000000010110000000000
0011000101001100011111110000000000111101000000000000000000000000
0000000001111111000000000000000000000000000000000000000000000000
0000000000000000000000000000000000110101000000000000000000000000
0000000000110110001111110000000001111011000000000000000000000000
0000000000000000010101110001101000000000000000000000000000000000
0000000000000000000000000000000000000000000000000000000000000000
0000000000000000000000000000000000001101000000000000000000000000
0000000000000000000000000000000000000000000000000000000000000000
0000000000000000000000000001110000000000000000000000000000000000
0000000000000000000000000000000000000000000000000000000000000000
0000000000000000000000000000000000001101000000000000000000000000
0000000000000000000000000000000000000000000000000000000000000000
0000000000000000000000000001110000000000000000000000000000000000
0000000000000000000000000000000000000000000000000000000000000000
0000000000000000000000000000000000001101000000000000000000000000
0000000000000000000000000000000000000000000000000000000000000000
0000000000000000000000000001110000000000000000000000000000000000
0000000000000000000000000000000000000000000000000000000000000000
0000000000000000000000000000000000001101000000000000000000000000
0000000000000000000000000000000000000000000000000000000000000000
0000000000000000000000000001110000000000000000000000000000000000
0000000000000000000000000000000000000000000000000000000000000000
0000000000000000000000000000000000001101000000000000000000000000
0000000000000000000000000000000000000000000000000000000000000000
0000000000000000000000000001110000000000000000000000000000000000
0000000000000000000000000000000000000000000000000000000000000000
0000000000000000000000000000000000001101000000000000000000000000
0000000000000000000000000000000000000000000000000000000000000000
0000000000000000000000000001110000000000000000000000000000000000
0000000000000000000000000000000000000000000000000000000000000000
0001101000000000000000000001100000001101000000000000000000000000
0000000000000000000000010001001100000000000001010000000000000000
0000000000000000000000000001110000000000000000000000000000000000
0000101000000000000000000001010000000000000110110000000000000100
0111011000000000000000000111111100000000000000000000000000100101
0010001000000000000001110100110000000000001110100001000000101000
0000111000100111010100000000000000000000000100000001001100000000
0000000001010001000000000000000001011110000000000100101000110000
0000000000000000001110100011010100000000000001010001000000000000
0000000001001010000000000000000000000000000000000000000000011110
0010011000000000010111100000000000000000000000000000010100000000
0010001000011110001010110000000001111111000000010110111000000000
0000000000000001011110110000000000000000001110010000000000101010
0000000001001100000000000000000000000000000000000001100001111011
0000000000011000000000000000000100000000000000000000000001001101
0101110000000000001110100000000001111111010010110101111100000000
0010011000000000011111110101101000000000010000010011001000111111
0000000000000000000000000010001100000000000000000011001001111111
0000000001000011000000000000000000000000010000000000000001011000
0101011101101011010110110000000000011011011011000000000000000000
0000000000000000000010000100101000000000010010110101101000000000
0011010000000000000000000000011101000100000000000110110001010110
0100010001011000000000000000000000010011010000110010001000000000
0000000001111111000000000000000000000000000000000000110000000000
0000000000000000000000000000000000100000000000000000000000000000
0000000001111010000110010000000001111111000000000000000000000000
0000000000000000001000110000000000000000000000000000000000000000
0000000000000000000000000000000000000000000000000000000000000000
0000000000000000000000000000000000001101000000000000000000000000
0000000000000000000000000000000000000000000000000000000000000000
0000000000000000000000000001110000000000000000000000000000000000
0000000000000000000000000000000000000000000000000000000000000000
0000000000000000000000000000000000001101000000000000000000000000
0000000000000000000000000000000000000000000000000000000000000000
0000000000000000000000000001110000000000000000000000000000000000
0000000000000000000000000000000000000000000000000000000000000000
0000000000000000000000000000000000001101000000000000000000000000
0000000000000000000000000000000000000000000000000000000000000000
0000000000000000000000000001110000000000000000000000000000000000
0000000000000000000000000000000000000000000000000000000000000000
0000000000000000000000000000000000001101000000000000000000000000
0000000000000000000000000000000000000000000000000000000000000000
0000000000000000000000000001110000000000000000000000000000000000
0000000000000000000000000000000000000000000000000000000000000000
0000000000000000000000000000000000001101000000000000000000000000
0000000000000000000000000000000000000000000000000000000000000000
0000000000000000000000000001110000000000000000000000000000000000
0000000000000000000000000000000000000000000000000000000000000000
0000000000000000000000000000000000001101000000000000000000000000
0000000000000000000000000000000000000000000000000000000000000000
0000000000000000000000000001110000000000000000000000000000000000
0000000000000000000000000000000000001110000000000000001000000000
0001011000000000000011010001110000011011000000000000000000011011
0000000000000000000000000000000000000000000010110000000000000101
0000000000000000000001010001110000000000000000000000000000001010
0000000000000000000010000000000001111111000000000100010100000001
0100110000001111011111110111110100101110000010010000000001110101
0000000100000000000000000000000000000000001101110000000001111111
0001010100000000000000000000010100000000000000000000010001100000
0010110001011000001010010000000001111111000010100111101100000000
0000000000000110011011100000000000000000010001010000000000001100
0000011101110100000000000010111000000000000000000011110101001111
0000100101000001000000000001011100000000000000010000000000110000
0000000000011110000000000000000000001111000000000010011100000000
0001011000000000000110010001000100000101000000000000000000000000
0000000000101000000001010010011100000000000000000000000000001111
0000000000001101000000000001101100000000000000000000000000000001
0000001000000000000001100000100000000000000011100000000000001000
0110110000000000000000000111111100000000000000000000000000001100
0001000000000000000000000011110000000000001100000000000000000011
0000000000010011001111010000000000000000000101110010010000000000
0000000001111111000010000000000000000000000000000000000000011011
0000000000000000000000000101000000000000000000000011110000000000
0010000100111000000000000000000000111000000000000000000000000000
0101111000000100001111010000000000000000000000000000010000000000
0000000001111111000000000000000000000011000000000001011100000000
0000000000000000000000000000000000000000000000000000000000000000
0000000001111111000000000000101001001011000000000000000000000000
0000000000000000000000000000011100000000000000000000000000000000
0000000000000000000000000000000000000000000000000000000000000000
0000000000000000000000000000000000001101000000000000000000000000
0000000000000000000000000000000000000000000000000000000000000000
0000000000000000000000000001110000000000000000000000000000000000
0000000000000000000000000000000000000000000000000000000000000000
0000000000000000000000000000000000001101000000000000000000000000
0000000000000000000000000000000000000000000000000000000000000000
0000000000000000000000000001110000000000000000000000000000000000
0000000000000000000000000000000000000000000000000000000000000000
0000000000000000000000000000000000001101000000000000000000000000
0000000000000000000000000000000000000000000000000000000000000000
0000000000000000000000000001110000000000000000000000000000000000
0000000000000000000000000000000000000000000000000000000000000000
0000000000000000000000000000000000001101000000000000000000000000
0000000000000000000000000000000000000000000000000000000000000000
0000000000000000000000000001110000000000000000000000000000000000
0000000000000000000000000000000000000000000000000000000000000000
0000000000000000000000000000000000001101000000000000000000000000
0000000000000000000000000000000000000000000000000000000000000000
0000000000000000000000000001110000000000000000000000000000000000
0000000000000000000000000000000000000000000000000000000000000000
0000000000000000000000000000000000001101000000000000000000000000
0000000000000000000000000000000000000000000000000000000000000000
0000000000000000000000000001110000000000000000000000000000000000
0000000000000000000000000000000000000000000000000000000000000000
0000000000000000000000000000000000001101000000000000000000000000
0000000000000000000000000000000000000000000000000000000000000000
0000000000000000000000000001110000000000000000000000000000000000
0000000000000000000000000000000000000000000000000000011000000000
0000001000000000000010000000001000010011000000000000000000001001
0000000000000000000000000000000000000000000000000000000000000000
0000000000000000000000000001111000000000000000000000000000000000
0000000000000000000000000000000000000000000000000000011100000000
0000000000000000000000110000000000001101000000000000000000000000
0000000000000001000000000000010100000000000000000000000000000000
0000000000000000000000000001110000000000000000000000000000000000
0000011000000000000000000000100000000000000100100000000000000000
0110101100000000000000000111111100000000000000000000000000001001
0000000000000000000011010100110100000000001010110001010100001011
0000000000011111000110010000111000000000000100110000000000000000
0000000000000000000000000001001100000000000000000000000000101100
0101110000000000000000000111111100000000000000000011000100000000
0000011000000000000000000010010000000000000110100000000000000000
0001100100000000010101110000000000000000000101010001010100000000
0000000001111111000000000000000000100100000000000100000100000000
0000000000000000000011100000000000000000000000000001011000000000
0000000001111111000000000000000000011101000000000000000000000000
0011101000000101000000000000000000000000000000000000010000000000
0000000001100110000000000000000000010111000000000011010000000000
0000000000000000000011000000000000001010000000010000000000000000
0000000001101000000000000001110100011000000000000000000000000001
0000000000000001000000000001101100000000000000000000000000000000
0000000000000000000000000000000000000000000000000000000000000000
0000000000000000000000000000000000001101000000000000000000000000
0000000000000000000000000000000000000000000000000000000000000000
0000000000000000000000000001110000000000000000000000000000000000
0000000000000000000000000000000000000000000000000000000000000000
0000000000000000000000000000000000001101000000000000000000000000
0000000000000000000000000000000000000000000000000000000000000000
0000000000000000000000000001110000000000000000000000000000000000
0000000000000000000000000000000000000000000000000000000000000000
0000000000000000000000000000000000001101000000000000000000000000
0000000000000000000000000000000000000000000000000000000000000000
0000000000000000000000000001110000000000000000000000000000000000
0000000000000000000000000000000000000000000000000000000000000000
0000000000000000000000000000000000001101000000000000000000000000
0000000000000000000000000000000000000000000000000000000000000000
0000000000000000000000000001110000000000000000000000000000000000
0000000000000000000000000000000000000000000000000000000000000000
0000000000000000000000000000000000001101000000000000000000000000
0000000000000000000000000000000000000000000000000000000000000000
0000000000000000000000000001110000000000000000000000000000000000
0000000000000000000000000000000000000000000000000000000000000000
0000000000000000000000000000000000001101000000000000000000000000
0000000000000000000000000000000000000000000000000000000000000000
0000000000000000000000000001110000000000000000000000000000000000
0000000000000000000000000000000000000000000000000000000000000000
0000000000000000000000000000000000001101000000000000000000000000
0000000000000000000000000000000000000000000000000000000000000000
0000000000000000000000000001110000000000000000000000000000000000
0000000000000000000000000000000000000000000000000000000000000000
0000000000000000000000000000000000001101000000000000000000000000
0000000000000000000000000000000000000000000000000000000000000000
0000000000000000000000000001110000000000000000000000000000000000
0000011000000000000000000000000000000000000110010000000000000000
0101011000000000000000000101100100001101000000000000000000000000
0000000000000000000010000100001000000000001010110000011100000101
0000000000011111000000000001110000000000000010010000000000000000
0000000000000000000000110001001000000000000100110000000000101000
0101100100000000000000000111111100000000000000000000110100000000
0000101000000000000011000101000100000000000110000001100100000000
0000000000011101011000110000000000000000000110110010011100000000
0000000001111101000000000000000000110010000000000011101000011010
0000000000000000000100110001010100000000000000000001011100000000
0000110001101101000000000000000000000000000000000000000000000000
0100010000000000001100100000000000000000000000000001100100000000
0000100101111111000000000000000000111001000001110100110100000000
0000000000000000001001100000000000000000000100010000000000000000
0000000001111111000000000010001000000111000000000000011100010001
0000011100011111000000000000110000000000000000000000000000000000
0000000000000100000000000000000000000000000000000000100000000000
0000000000000000000000010000000000001101000000000000000000000000
0000000000000101000000000001000100000000000000000000000000000000
0000000000000000000000000001110000000000000000000000000000000000
0000000000000000000000000000000000000000000000000000000000000000
0000000000000000000000000000000000001101000000000000000000000000
0000000000000000000000000000000000000000000000000000000000000000
0000000000000000000000000001110000000000000000000000000000000000
0000000000000000000000000000000000000000000000000000000000000000
0000000000000000000000000000000000001101000000000000000000000000
0000000000000000000000000000000000000000000000000000000000000000
0000000000000000000000000001110000000000000000000000000000000000
0000000000000000000000000000000000000000000000000000000000000000
0000000000000000000000000000000000001101000000000000000000000000
0000000000000000000000000000000000000000000000000000000000000000
0000000000000000000000000001110000000000000000000000000000000000
0000000000000000000000000000000000000000000000000000000000000000
0000000000000000000000000000000000001101000000000000000000000000
0000000000000000000000000000000000000000000000000000000000000000
0000000000000000000000000001110000000000000000000000000000000000
0000000000000000000000000000000000000000000000000000000000000000
0000000000000000000000000000000000001101000000000000000000000000
0000000000000000000000000000000000000000000000000000000000000000
0000000000000000000000000001110000000000000000000000000000000000
0000000000000000000000000000000000000000000000000000000000000000
0000000000000000000000000000000000001101000000000000000000000000
0000000000000000000000000000000000000000000000000000000000000000
0000000000000000000000000001110000000000000000000000000000000000
0000000000000000000000000000000000000000000000000000000000000000
0000000000000000000000000000000000001101000000000000000000000000
0000000000000000000000000000000000000000000000000000000000000000
0000000000000000000000000001110000000000000000000000000000000000
0000000000000000000000000000000000000000000000000000000000000000
0000111000000000000000000000101000001101000000000000000000000000
0000000000000000000000100000111100000000000000000000000000000000
0000000000000000000000000001110000000000000000000000000000000000
0000010000000000000000000000110100000000000100100000000000000000
0110111100000000000000000111111100000000000000110000000000000011
0000001100000000000001100100110100000000001011000000101000000000
0000000000101011010011100000000000000000001000000010001100000000
0000000001000010000101010000000000100110000000000000000000100100
0001110100000000000000000111101100000000000000000011000000000000
0000111000000000000000000000000000000000000000000000000000000000
0011000000000000010010100000000000000000000011010010010100000000
0000000001111111000000000000000000101010000000000100010000000000
0000000000000000000011000000000000000000000001110000000000000000
0000000001111111000000000000010100010110000000000000000000000000
0100011100000100000000000000000000000000000000000000000000000000
0000000000011100000000000000000000001001000000000001110000000000
0000000000000000000010110000000000001101000000000000000000000000
0000000000100001000000000001110000000000000000000000000000000000
0000000000000000000000000001110000000000000000000000000000000000
0000000000000000000000000000000000000000000000000000000000000000
0000000000000000000000000000000000001101000000000000000000000000
0000000000000000000000000000000000000000000000000000000000000000
0000000000000000000000000001110000000000000000000000000000000000
0000000000000000000000000000000000000000000000000000000000000000
0000000000000000000000000000000000001101000000000000000000000000
0000000000000000000000000000000000000000000000000000000000000000
0000000000000000000000000001110000000000000000000000000000000000
0000000000000000000000000000000000000000000000000000000000000000
0000000000000000000000000000000000001101000000000000000000000000
0000000000000000000000000000000000000000000000000000000000000000
0000000000000000000000000001110000000000000000000000000000000000
0000000000000000000000000000000000000000000000000000000000000000
0000000000000000000000000000000000001101000000000000000000000000
0000000000000000000000000000000000000000000000000000000000000000
0000000000000000000000000001110000000000000000000000000000000000
0000000000000000000000000000000000000000000000000000000000000000
0000000000000000000000000000000000001101000000000000000000000000
0000000000000000000000000000000000000000000000000000000000000000
0000000000000000000000000001110000000000000000000000000000000000
0000000000000000000000000000000000000000000000000000000000000000
0000000000000000000000000000000000001101000000000000000000000000
0000000000000000000000000000000000000000000000000000000000000000
0000000000000000000000000001110000000000000000000000000000000000
0000000000000000000000000000000000000000000000000000000000000000
0000000000000000000000000000000000001101000000000000000000000000
0000000000000000000000000000000000000000000000000000000000000000
0000000000000000000000000001110000000000000000000000000000000000
0000000000000000000000000000000000000000000000000000000000000000
0000000000000000000000000000000000001101000000000000000000000000
0000000000000000000000000000000000000000000000000000000000000000
0000000000000000000000000001110000000000000000000000000000000000
0000000000000000000000000000100000000000000001000000000000000000
0110000000000000000000000111111100001010000000000000000000000000
0000000000000000000000110100100000000000001001100000011000000000
0000000000100010000110000001100100000000000101110000000000000000
0000000000000000000001110000110000000000000000000000000000011110
0110110100000000000000000111111100000000000000000010111000000100
0000100000000000000000000010100100000000001001110000000000000000
0001100100000010010100100000000000000000000110000010010000000000
0000000001111111000001100000000000100111000000000011111100000000
0000000000000000000000000000000000000000000011010011001000000000
0000000101111111000000000000000000101000000000000000000000000000
0011111100000000000000000000000000000000000000000000000000000000
0000000001111000000000000000000000010101000000000010110100000000
0000000000000000000001110000000000001001000000000000000000000000
0000000001111010000000000010001000010010000000000000000000000000
0000000000001100000000000001101100000000000000000000000000000000
0000000000000000000000000000000000000000000000000000000000000000
0000000000000000000000000000000000001101000000000000000000000000
0000000000000000000000000000000000000000000000000000000000000000
0000000000000000000000000001110000000000000000000000000000000000
0000000000000000000000000000000000000000000000000000000000000000
0000000000000000000000000000000000001101000000000000000000000000
0000000000000000000000000000000000000000000000000000000000000000
0000000000000000000000000001110000000000000000000000000000000000
0000000000000000000000000000000000000000000000000000000000000000
0000000000000000000000000000000000001101000000000000000000000000
0000000000000000000000000000000000000000000000000000000000000000
0000000000000000000000000001110000000000000000000000000000000000
0000000000000000000000000000000000000000000000000000000000000000
0000000000000000000000000000000000001101000000000000000000000000
0000000000000000000000000000000000000000000000000000000000000000
0000000000000000000000000001110000000000000000000000000000000000
0000000000000000000000000000000000000000000000000000000000000000
0000000000000000000000000000000000001101000000000000000000000000
0000000000000000000000000000000000000000000000000000000000000000
0000000000000000000000000001110000000000000000000000000000000000
0000000000000000000000000000000000000000000000000000000000000000
0000000000000000000000000000000000001101000000000000000000000000
0000000000000000000000000000000000000000000000000000000000000000
0000000000000000000000000001110000000000000000000000000000000000
0000000000000000000000000000000000000000000000000000000000000000
0000000000000000000000000000000000001101000000000000000000000000
0000000000000000000000000000000000000000000000000000000000000000
0000000000000000000000000001110000000000000000000000000000000000
0000000000000000000000000000000000000000000000000000000000000000
0000000000000000000000000000000000001101000000000000000000000000
0000000000000000000000000000000000000000000000000000000000000000
0000000000000000000000000001110000000000000000000000000000000000
0000000000000000000000000000000000000000000000000000000000000000
0000000000000000000000000000000000001101000000000000000000000000
0000000000000000000000000000000000000000000000000000000000000000
0000000000000000000000000001110000000000000000000000000000000000
0000110000000000000000000000110000000000000101000000000000000000
0111100100000000000000000111111100000000000001010000000000110000
0011000000000000000000000011011000000000010010100011010000111100
0000000000001011001101100000000000000000000110000001011000000000
0000010001111111000101110000000000010000000000000000000000100010
0000000000000000000000000011111100000000000011000101101000000000
0010010100010111000000000000000000100111000000000000000000000000
0110010000000000010010000000000000001010000000000000110000000000
0000100001111111000000000000000000101111000010100100101100000000
0000000000000000001001110000000000000000000001100000000000000000
0000000001111111000000000010101000110100000000000000011000010010
0001100100011101000000000000011000000000000000000000000000000010
0000000000010011000000000000000000000100000000000001010000000000
0000000000000000000001110000000000001111000000000000000000000000
0000000000010110000010000010001000000110000000000000000000000000
0000000000000000000010010001110000000000000000000000000000000000
0000000000000000000000000000000000000000000000000000000000000000
0000000000000000000000000000000000010010000000000000000000000000
0000000000000000000001110000010000000110000000000000000000000000
0000000000000000000010110001110100000000000000000000000000000000
0000000000000000000000000000000000000000000000000000000000000000
0000001000000000000000000000000000001101000000000000000000000000
0000000000000000000000000000010100000000000000000000000000000000
0000000000000000000000000001110000000000000000000000000000000000
0000000000000000000000000000000000000000000000000000000000000000
0000000100000000000000000000000000001110000000000000000000000000
0000000000000000000010010000101100000110000000000000000000000000
0000000000000000000001100001110000000000000000000000000000000000
0000000000000000000000000000000000000000000000000000000000000000
0001011100000000000000000001110000010000000000000000000000000000
0000000000000000001100000100000100100111000000000000000000000000
0000000000000000001001110001110000000000000000000000000000000000
0000000000001100000000010000000000000000000000000000000000000000
0000000000000000000000000000000000011101000000000000000000000000
0000000000000000010001010011101100111100000000000000000000000000
0000000000000000010100010001110000000000000000000000000000000000
0000000000100110000000000000000000000000000000000000000000000000
0000000000000000000000000000000000110110000000000000000000000000
0000000000000101001111010001111000111011000000000000000000000000
0000100100000000011001000010011100000000000000000000000000000000
0000000000000000000000000000000000000000000000000000000000000000
0000000000000000000000000000000000001101000000000000000000000000
0000000000000000000000000000000000000000000000000000000000000000
0000000000000000000000000001110000000000000000000000000000000000
0000000000000000000000000000000000000000000000000000000000000000
0000000000000000000000000000000000001101000000000000000000000000
0000000000000000000000000000000000000000000000000000000000000000
0000000000000000000000000001110000000000000000000000000000000000
0000000000000000000000000000000000000000000000000000000000000000
0000000000000000000000000000000000001101000000000000000000000000
0000000000000000000000000000000000000000000000000000000000000000
0000000000000000000000000001110000000000000000000000000000000000
0010100000000000000101110000000000001001000110000000000000000000
0111111100000000000101010111111100000000000100110010001101010111
0100100000000000000000000000000000000000010100010101011101010111
0001111100011010000000000000000000000000001000000000101000000111
0011100001111111010101010000000000000000010101110000000000000000
0000000000000000000000000000000000000000001001110110110100000000
0010010000000000000000000000000001011010000000000100110000001011
0011100101111000000000000000000001010000000000000000000000000000
0000000001111101001010000001001100000000010100110000000000000000
0000000000001110000000000000000000010111000100100011011100000000
0000000000000000011100000101011001111111000000000000001100000000
0000000001001001011111110000000001100110000000000000000000000000
0000000000010111001010010001101100000000000100110000000000000000
0000000000010101000000000000010000011110000100100000100000000000
0000000000000000011101110101100001110011000000000000000000000000
0000000000001011011111110000000001100110000000000000000000000000
0000000000110011000100010001001100000000000011110000000000000000
0000000000011000000000000000000000110001000110110000110100000000
0000000000000000011111110100011001111111000000000000000000000000
0000101100000000011111110000100001010010000000000000000100000000
0000000000001111000111010010110000000000000000000000000000000000
0001000000000000000000000010010000011010000000000000000000000000
0000000000000000011110000101010001110011000000000000000000000000
0000000000001011011111110000011100100110000000000000000000000000
0000000000010001001001010010001000000000000010110000000000000000
0000010100010101000000000001111000011010000100010000010000000000
0000000000000000011101010110001001101011000000000000000000000000
0000000000011000011111110000000001100000000000010000000000000000
0000000000000000000010110010100000000000000000000000000000001101
0000110000001111000000000010101000000000000011110001100000000000
0000000000000000011100100101110101011010000000000000000000000000
0000000000101000011111110000000000111010000100010000000000000000
0000000000010011000000000010000000100110000011010000000000000000
0000000000000000000000000000000000000000000110110000000000000000
0000000000000000011111010000111101110111000000000000000000000110
0000000000000000011111110000000000101011000000000000000000000000
0000000001111011000000000000011000100010001011110000101100000000
0000000000100001000000000000000001001011001011010000000000000000
0000000001001010011111110000000001111111000000000000010000000000
0010110100000000011111110000000000100100000000000000000000000000
0000000000000000000000000000000000000000000000000000000000000000
0000000000000000000000000000000000001101000000000000000000000000
0000000000000000000000000000000000000000000000000000000000000000
0000000000000000000000000001110000000000000000000000000000000000
0000000000000000000000000000000000000000000000000000000000000000
0000000000000000000000000000000000001101000000000000000000000000
0000000000000000000000000000000000000000000000000000000000000000
0000000000000000000000000001110000000000000000000000000000000000
0000000000000000000000000000000000000000000000000000000000000000
0000000000000000000000000000000000001101000000000000000000000000
0000000000000000000000000000000000000000000000000000000000000000
0000000000000000000000000001110000000000000000000000000000000000
0000101000000000000000000000000001100110000000000001011000000000
0100001000000000011011010111011000101011000000000000000001111111
0000000000000000000000000000000000000000001100100000001101111111
0000000000000000000010000000000000000000000000000000010001001011
0010101100000000000010110000000001111111001111110110001100000000
0000000000000000011111110000000000000000001101100010011001110110
0000110100000000000000000000000000000000000000000011010101111111
0000000000011101000000000000000000000100000000000000011101010101
0010000100000000000000000000000001111111001001010110001100000000
0000000000000000011111110000000000000000001101000011001101010001
0000000000000000000000000000000000000000000000000000001001111111
0000000000001011000000000000000000001111000000000000000001011101
0011110100000000000110110000000001111111001111010101111000000000
0000000000000000011111110000000000000000010001010110101101100010
0000010100000000000000000000000000000000000000000001111001111111
0000000000110101000000000000000000011110000000000000000001111011
0010100100011111001001100000000001111111001010000111100100000000
0000000000011000011111110000000000000000010011100110011100111001
0000000000001011000000000000000000001101000000000001011001111111
0000000001001001000011010000000000100110000000000000000001111000
0001001000001001000000000000000001111111000000000111010000000000
0000000000000000011111110000000000000000001110110000000000111111
0000000000011011000000000000000000000000000000000000000001111111
0000000000000000000101110000000000011101000000000000000001010011
0001100100000000000100110000000001111111000000000111001000000000
0000000000000000011111110000000000000000000100100000011000111000
0000000000110000000000000000000000000000000000000000001001111011
0000000000000000000000000000000000000000000000000000000001000010
0010110000000000001111100000000001111111000110110111010100000000
0000000000010100011111110000000000000000010010010000000001001000
0000001000100101000000000000000000000000000000000001110101111111
0000000000011101000000000000110100000000000011000000000001100111
0001100100000000001010100000000001111111000000000111011000000000
0000000000000000011111110000000000000000001111000000000000111001
0000000000100101000000000000100100000000000000000001011001111111
0000000000011100000000000000101000000000000001000000000001010011
0010001101000110000001100000000001101110000111100110100100000000
0000000000000000011101000000000000000000000010100000000000011101
0000000001010100000000000001011100000000000000000010101001100111
0000000000011100000000000001101100000000000000000000000000111011
0000000000000000000000000000000000000000000000000000000000000000
0000000000000000000000000000000000001101000000000000000000000000
0000000000000000000000000000000000000000000000000000000000000000
0000000000000000000000000001110000000000000000000000000000000000
0000000000000000000000000000000000000000000000000000000000000000
0000000000000000000000000000000000001101000000000000000000000000
0000000000000000000000000000000000000000000000000000000000000000
0000000000000000000000000001110000000000000000000000000000000000
0000000000000000000000000000000000000000000000000000000000000000
0000000000000000000000000000000000001101000000000000000000000000
0000000000000000000000000000000000000000000000000000000000000000
0000000000000000000000000001110000000000000000000000000000000000
0000000000000000000000000000000000001111000000000000010000000000
0000101100000000000101110001011100100010000000000000000000011110
0000000000000000000000000000000000000000000000000000000000000000
0000000000000000000000000001110000000000000000000000000000000000
0000000000000000000000000000000000100011000000000010110100000000
0000000000000000010010000000010100011100000000000000000000110011
0000000000000101000000000000000000000000000000000000000000101110
0000000000000000000000000001110000000000000000000000000000010011
0000000000000000000000000000000000101011000000000011000000000000
0000000000000000010100110000000000001101000000000000000000110101
0000000000000110000000000000000000000000000000000000000000110111
0000000000000000000000000001110000000000000000000000000000010110
0001000100000000001010000000000001001010000000000101010000000000
0000000000000000011111110000000000001101000000000000000001011110
0000000000000011000000000000000000000000000000000000000001101101
0000000000000000000000000001110000000000000000000000000000101111
0011000100000000010000100000000001001111000000000110000000000000
0000000000000000011111110000000000001101000000000000000001011000
0000010100101010000000000000000000000000000000000010010101111100
0000000000100110000000000001110000000000000011110000000000110010
0001010100000000001010000000000000101110000000000100100000000000
0000000000000000010111100000000000001101000000000000000000101000
0000000000100011000000000000101100000000000000000001000101001100
0000000000011000000000000001110000000000000000110000000000011011
0000000000001110000000000000000000010101000000000010101100000000
0000000000000000001101010000000000001101000000000000000000010101
0000000000011001000000000001101100000000000000000000010100011111
0000000000000000000000000001111000000000000000000000000000001100
0000000000000000000000000000000000000000000000000000010100000000
0000000000000000000000000000000000001101000000000000000000000000
0000000000000000000000000000101100000000000000000000000000000000
0000000000000000000000000001110000000000000000000000000000000000
0000000000000000000000000000000000000000000000000000000000000000
0000000000000000000000000000000000001101000000000000000000000000
0000000000000000000000000000000000000000000000000000000000000000
0000000000000000000000000001110000000000000000000000000000000000
0000000000000000000000000000000000000000000000000000000000000000
0000000000000000000000000000000000001101000000000000000000000000
0000000000000000000000000000000000000000000000000000000000000000
0000000000000000000000000001110000000000000000000000000000000000
0000000000000000000000000000000000000000000000000000000000000000
0000000000000000000000000000000000001101000000000000000000000000
0000000000000000000000000000000000000000000000000000000000000000
0000000000000000000000000001110000000000000000000000000000000000
0000000000000000000000000000000000000000000000000000000000000000
0000000000000000000000000000000000001101000000000000000000000000
0000000000000000000000000000000000000000000000000000000000000000
0000000000000000000000000001110000000000000000000000000000000000
0000000000000000000000000000000000000000000000000000000000000000
0000000000000000000000000000000000001101000000000000000000000000
0000000000000000000000000000000000000000000000000000000000000000
0000000000000000000000000001110000000000000000000000000000000000
0000000000000000000000000000000000000000000000000000000000000000
0000000000000000000000000000000000001101000000000000000000000000
0000000000000000000000000000000000000000000000000000000000000000
0000000000000000000000000001110000000000000000000000000000000000
0000000000000000000000000000000000000000000000000000000000000000
0000000000000000000000000000000000001101000000000000000000000000
0000000000000000000000000000000000000000000000000000000000000000
0000000000000000000000000001110000000000000000000000000000000000
0000000000000000000000000000000000000000000000000000000000000000
0000000000000000000000000000000000001101000000000000000000000000
0000000000000000000000000000000000000000000000000000000000000000
0000000000000000000000000001110000000000000000000000000000000000
0000000000000000000000000000000000000000000000000000000000000000
0000000000000000000000000000000000001101000000000000000000000000
0000000000000000000000000000000000000000000000000000000000000000
0000000000000000000000000001110000000000000000000000000000000000
0000000000000000000000000000000000000000000000000000000000000000
0000000000000000000000000000000000001101000000000000000000000000
0000000000000000000000000000000000000000000000000000000000000000
0000000000000000000000000001110000000000000000000000000000000000
0000000000000000000000000000000000000000000000000000000000000000
0000000000000000000000000000000000001101000000000000000000000000
0000000000000000000000000000000000000000000000000000000000000000
0000000000000000000000000001110000000000000000000000000000000000
0000000000000000000000000000000000000000000000000000000000000000
0000000000000000000000000000000000001101000000000000000000000000
0000000000000000000000000000000000000000000000000000000000000000
0000000000000000000000000001110000000000000000000000000000000000
0000000000000000000000000000000000000000000000000000000000000000
0000000000000000000000000000000000001101000000000000000000000000
0000000000000000000000000000000000000000000000000000000000000000
0000000000000000000000000001110000000000000000000000000000000000
0000000000000000000000000000000000000000000000000000000000000000
0000000000000000000000000000000000001101000000000000000000000000
0000000000000000000000000000000000000000000000000000000000000000
0000000000000000000000000001110000000000000000000000000000000000
0000000000000000000000000000000000000000000000000000000000000000
0000000000000000000000000000000000001101000000000000000000000000
0000000000000000000000000000000000000000000000000000000000000000
0000000000000000000000000001110000000000000000000000000000000000
