00000000000000000000000000000000
00000000000000000000000000000000
00000000000000000000000000000000
00001101000000000000000000000000
00000000000000000000000000000000
00000000000000000000000000000000
00000000000000000000000000011011
00000000000000000000000000000000
00000000000000000000000000000000
00000000000000000000000000000000
00000000000000000000000000000000
00001101000000000000000000000000
00000000000000000000000000000000
00000000000000000000000000000000
00000000000000000000000000011011
00000000000000000000000000000000
00000000000000000000000000000000
00000000000000000000000000000000
00000000000000000000000000000000
00001101000000000000000000000000
00000000000000000000000000000000
00000000000000000000000000000000
00000000000000000000000000011011
00000000000000000000000000000000
00000000000000000000000000000000
00000000000000000000000000000000
00000000000000000000000000000000
00001101000000000000000000000000
00000000000000000000000000000000
00000000000000000000000000000000
00000000000000000000000000011011
00000000000000000000000000000000
00000000000000000000000000000000
00000000000000000000000000000000
00010101000000000000000000011011
00001101000000000000000000000000
00000000000000000001111000110011
00010111000000000000000100000000
00000000000000000001000100011011
00000000000000000000000000000000
00000000000000000001111100000000
00000000000000000000000000000000
00001111000000000000000000011011
00010000000000000000000000000000
00000000000000000100011101010010
00111010000000000000000000000000
00000000000010100011110000011011
00000000000000000000000000000000
00000000001010100010101000001111
00000000000000000000000000000000
00000010000000000000000000010111
00111000000000000000000000000000
00000000000000000110110001100011
01100010000000000000000000000000
00001101000101110111111100011011
00000000000000110000100100000000
00000000001011100000000000000000
00000000000000000000000000000000
00000000000000000000000000000000
00110001000000000000000000000000
00000000000000000101001000100111
01001011000000000000000000000000
00000000000000000111101000100000
00000000000000000000000100000000
00000000000100000000000000000000
00000000000000000000000000000000
00000000000000000000000000000000
00010111000000000000000000000000
00000000000000100000111100000000
00001110000000000000000000000000
00000000000000000001111100011011
00000000000000000000000000000000
00000000000000000000000000000000
00000000000000000000000000000000
00000000000000000000000000000000
00001101000000000000000000000000
00000000000000000000000000000000
00000000000000000000000000000000
00000000000000000000000000011011
00000000000000000000000000000000
00000000000000000000000000000000
00000000000000000000000000000000
00000000000000000000000000000000
00001101000000000000000000000000
00000000000000000000000000000000
00000000000000000000000000000000
00000000000000000000000000011011
00000000000000000000000000000000
00000000000000000000000000000000
00000000000000000000000000000000
00000000000000000000000000000000
00001101000000000000000000000000
00000000000000000000000000000000
00000000000000000000000000000000
00000000000000000000000000011011
00000000000000000000000000000000
00000000000000000000000000000000
00000000000000000000000000000000
00000000000000000000000000000000
00001101000000000000000000000000
00000000000000000000000000000000
00000000000000000000000000000000
00000000000000000000000000011011
00000000000000000000000000000000
00000000000000000000000000000000
00000000000000000000000000000000
00000000000000000000000000000000
00001101000000000000000000000000
00000000000000000000000000000000
00000000000000000000000000000000
00000000000000000000000000011011
00000000000000000000000000000000
00000000000000000000000000000000
00000000000000000000000000000000
00000000000000000000000000000000
00001101000000000000000000000000
00000000000000000000000000000000
00000000000000000000000000000000
00000000000000000000000000011011
00000000000000000000000000000000
00000000000000000000000000000000
00000000000000000000000000000000
00000000000000000000000000000000
00001101000000000000000000000000
00000000000000000000000000000000
00000000000000000000000000000000
00000000000000000000000000011011
00000000000000000000000000000000
00000000000000000000000000010000
00000000000100000000000000000000
01001100000000000000000001100010
00001101000000000000000000000000
00000000000000000001101001100100
00000000000101100010000000000000
00000000010000000010001000011011
00000000000110110000000000000000
00000000000000000000101100011111
00000000000010110000000000010000
01000001000000000000000001111110
00000000000000000000111000000000
00000101000000000101101001100000
01000001000010110010001000000000
00000000001100110111100000000000
00011110000100010001011100000000
00000000000000000000000000101100
00000000000000000000000000001000
00000001000000000000000000100110
00000000000000100010000000000000
00000000000000000110111100100010
01100000000000000000000000000000
00000000000100100111111100000000
00100110000000000000000000000000
01000001001100010001001000101000
00010111010110000000000000000000
00000000001000100000000000011011
00000000001111010101101100000000
00000000000000000111111100000000
01111111000000000011011100011101
00000000010010010111111100000000
01001101000000000000000000000000
00011011011111110000100100010011
00000000010100010000000000000000
00000000000010110000000000000000
00110100001010100100001100000000
00000011000000000111111100000000
01111111000000000010101000000000
00101110010010000111111100000000
00111010000000000000000000000000
00000000011111110000000000000000
00000000000000000000000000000000
00000000000000000000000000000000
00110011000000000000000000000000
00000000001101000011110000000000
01110101000000000000000000000000
00000000000000000101001100011001
00000000000000000000000000000000
00000000000000000000000000000000
00000000000000000000000000000000
00000000000000000000000000000000
00001101000000000000000000000000
00000000000000000000000000000000
00000000000000000000000000000000
00000000000000000000000000011011
00000000000000000000000000000000
00000000000000000000000000000000
00000000000000000000000000000000
00000000000000000000000000000000
00001101000000000000000000000000
00000000000000000000000000000000
00000000000000000000000000000000
00000000000000000000000000011011
00000000000000000000000000000000
00000000000000000000000000000000
00000000000000000000000000000000
00000000000000000000000000000000
00001101000000000000000000000000
00000000000000000000000000000000
00000000000000000000000000000000
00000000000000000000000000011011
00000000000000000000000000000000
00000000000000000000000000000000
00000000000000000000000000000000
00000000000000000000000000000000
00001101000000000000000000000000
00000000000000000000000000000000
00000000000000000000000000000000
00000000000000000000000000011011
00000000000000000000000000000000
00000000000000000000000000000000
00000000000000000000000000000000
00000000000000000000000000000000
00001101000000000000000000000000
00000000000000000000000000000000
00000000000000000000000000000000
00000000000000000000000000011011
00000000000000000000000000000000
00000000000000000000000000000000
00000000000000000000000000000000
00000000000000000000000000000000
00001101000000000000000000000000
00000000000000000000000000000000
00000000000000000000000000000000
00000000000000000000000000011011
00000000000000000000000000000000
00000000000000000000000000000000
00000000000000000000000000000000
00011001000000000000000000010111
00001101000000000000000000000000
00000000000000000000000100010010
00000000000001000000000000000000
00000000000000000000000000011011
00000000000000000000000000000000
00001001000000000000000000010011
00000000000110100000000000000100
01110000000000000000000001111111
00000000000000000000000000100011
00100000000000000000011101001000
00000000001101110000111100100110
00001110001001010100110000000000
00000000000011110001001000000000
00000000010011010000000000000000
01011001000000000100011000101101
00000000000000000011011100110011
00000000000001010000111100000000
00000000010001100000000000000000
00000000000000000000000000011101
00100100000000000101100100000000
00000000000000000000010000000000
00100000000111010010100100000000
01111111000000010110100000000000
00000000000000010111010100000000
00000000001101100000000000101000
00000000010010010000000000000000
00000000000000000001011101110101
00000000000101110000000000000001
00000000000000000000000001001010
01011000000000000011100000000000
01111111010001110101101000000000
00100100000000000111111101010110
00000000001111100010111100111011
00000000000000000000000000100001
00000000000000000011000001111111
00000000010000000000000000000000
00000000001111010000000001010011
01010011011001100101011000000000
00011010011001110000000000000000
00000000000000000000011101000110
00000000010001110101011000000000
00110001000000000000000000000110
01000000000000000110011001010010
01000001010101000000000000000000
00010010001111110010000000000000
00000000011111110000000000000000
00000000000000000000110000000000
00000000000000000000000000000000
00011110000000000000000000000000
00000000011101000001100000000000
01111011000000000000000000000000
00000000000000000010000100000000
00000000000000000000000000000000
00000000000000000000000000000000
00000000000000000000000000000000
00000000000000000000000000000000
00001101000000000000000000000000
00000000000000000000000000000000
00000000000000000000000000000000
00000000000000000000000000011011
00000000000000000000000000000000
00000000000000000000000000000000
00000000000000000000000000000000
00000000000000000000000000000000
00001101000000000000000000000000
00000000000000000000000000000000
00000000000000000000000000000000
00000000000000000000000000011011
00000000000000000000000000000000
00000000000000000000000000000000
00000000000000000000000000000000
00000000000000000000000000000000
00001101000000000000000000000000
00000000000000000000000000000000
00000000000000000000000000000000
00000000000000000000000000011011
00000000000000000000000000000000
00000000000000000000000000000000
00000000000000000000000000000000
00000000000000000000000000000000
00001101000000000000000000000000
00000000000000000000000000000000
00000000000000000000000000000000
00000000000000000000000000011011
00000000000000000000000000000000
00000000000000000000000000000000
00000000000000000000000000000000
00000000000000000000000000000000
00001101000000000000000000000000
00000000000000000000000000000000
00000000000000000000000000000000
00000000000000000000000000011011
00000000000000000000000000000000
00000000000000000000000000000000
00000000000000000000000000000000
00000000000000000000000000000000
00001101000000000000000000000000
00000000000000000000000000000000
00000000000000000000000000000000
00000000000000000000000000011011
00000000000000000000000000000000
00000000000000000000000000000000
00001110000000000000001000000000
00010101000000000000110100011011
00011001000000000000000000011010
00000000000000000000000000000000
00000000000010100000000000000101
00000000000000000000010100011011
00000000000000000000000000001001
00000000000000000000100000000000
01111111000000000100000100000001
01001000000011110111100101110111
00101100000010010000000001101111
00000001000000000000000000000000
00000000001101010000000001111111
00010011000000000000000000000101
00000000000000000000010001011011
00101010010101000010011100000000
01111111000010100111010100000000
00000000000001100110100100000000
00000000010000010000000000001011
00000111011011110000000000101100
00000000000000000011101001001100
00001000001111100000000000010110
00000000000000010000000000101101
00000000000111010000000000000000
00001110000000000010010100000000
00010101000000000001100000010000
00000101000000000000000000000000
00000000001001100000010000100101
00000000000000000000000000001111
00000000000011000000000000011010
00000000000000000000000000000000
00000010000000000000010100001000
00000000000011100000000000001000
01100111000000000000000001111111
00000000000000000000000000001100
00001111000000000000000000111001
00000000001011100000000000000011
00000000000100100011101000000000
00000000000101100010001000000000
00000000011111110000100000000000
00000000000000000000000000011010
00000000000000000000000001001100
00000000000000000011100100000000
00100000001101010000000000000000
00110101000000000000000000000000
01011001000001000011101000000000
00000000000000000000001100000000
00000000011111110000000000000000
00000011000000000001011000000000
00000000000000000000000000000000
00000000000000000000000000000000
00000000011110100000000000001001
01000111000000000000000000000000
00000000000000000000000000000111
00000000000000000000000000000000
00000000000000000000000000000000
00000000000000000000000000000000
00000000000000000000000000000000
00001101000000000000000000000000
00000000000000000000000000000000
00000000000000000000000000000000
00000000000000000000000000011011
00000000000000000000000000000000
00000000000000000000000000000000
00000000000000000000000000000000
00000000000000000000000000000000
00001101000000000000000000000000
00000000000000000000000000000000
00000000000000000000000000000000
00000000000000000000000000011011
00000000000000000000000000000000
00000000000000000000000000000000
00000000000000000000000000000000
00000000000000000000000000000000
00001101000000000000000000000000
00000000000000000000000000000000
00000000000000000000000000000000
00000000000000000000000000011011
00000000000000000000000000000000
00000000000000000000000000000000
00000000000000000000000000000000
00000000000000000000000000000000
00001101000000000000000000000000
00000000000000000000000000000000
00000000000000000000000000000000
00000000000000000000000000011011
00000000000000000000000000000000
00000000000000000000000000000000
00000000000000000000000000000000
00000000000000000000000000000000
00001101000000000000000000000000
00000000000000000000000000000000
00000000000000000000000000000000
00000000000000000000000000011011
00000000000000000000000000000000
00000000000000000000000000000000
00000000000000000000000000000000
00000000000000000000000000000000
00001101000000000000000000000000
00000000000000000000000000000000
00000000000000000000000000000000
00000000000000000000000000011011
00000000000000000000000000000000
00000000000000000000000000000000
00000000000000000000000000000000
00000000000000000000000000000000
00001101000000000000000000000000
00000000000000000000000000000000
00000000000000000000000000000000
00000000000000000000000000011011
00000000000000000000000000000000
00000000000000000000000000000000
00000000000000000000010100000000
00000010000000000000100000000010
00010010000000000000000000001001
00000000000000000000000000000000
00000000000000000000000000000000
00000000000000000000000000011100
00000000000000000000000000000000
00000000000000000000000000000000
00000000000000000000011000000000
00000000000000000000001100000000
00001101000000000000000000000000
00000000000000010000000000000101
00000000000000000000000000000000
00000000000000000000000000011011
00000000000000000000000000000000
00000110000000000000000000001000
00000000000100010000000000000000
01100110000000000000000001111111
00000000000000000000000000001001
00000000000000000000110001001001
00000000001010010001010000001011
00000000000111100001100000001110
00000000000100100000000000000000
00000000000000000000000000010010
00000000000000000000000000101010
01011000000000000000000001111111
00000000000000000010111100000000
00000110000000000000000000100010
00000000000110010000000000000000
00010111000000000101001100000000
00000000000101000001010000000000
00000000011111110000000000000000
00100011000000000011111000000000
00000000000000000000111000000000
00000000000000000001010100000000
00000000011111110000000000000000
00011100000000000000000000000000
00110111000001000000000000000000
00000000000000000000010000000000
00000000011000010000000000000000
00010110000000000011000100000000
00000000000000000000101100000000
00001001000000010000000000000000
00000000011000110000000000011011
00010111000000000000000000000001
00000000000000000000000000011010
00000000000000000000000000000000
00000000000000000000000000000000
00000000000000000000000000000000
00000000000000000000000000000000
00001101000000000000000000000000
00000000000000000000000000000000
00000000000000000000000000000000
00000000000000000000000000011011
00000000000000000000000000000000
00000000000000000000000000000000
00000000000000000000000000000000
00000000000000000000000000000000
00001101000000000000000000000000
00000000000000000000000000000000
00000000000000000000000000000000
00000000000000000000000000011011
00000000000000000000000000000000
00000000000000000000000000000000
00000000000000000000000000000000
00000000000000000000000000000000
00001101000000000000000000000000
00000000000000000000000000000000
00000000000000000000000000000000
00000000000000000000000000011011
00000000000000000000000000000000
00000000000000000000000000000000
00000000000000000000000000000000
00000000000000000000000000000000
00001101000000000000000000000000
00000000000000000000000000000000
00000000000000000000000000000000
00000000000000000000000000011011
00000000000000000000000000000000
00000000000000000000000000000000
00000000000000000000000000000000
00000000000000000000000000000000
00001101000000000000000000000000
00000000000000000000000000000000
00000000000000000000000000000000
00000000000000000000000000011011
00000000000000000000000000000000
00000000000000000000000000000000
00000000000000000000000000000000
00000000000000000000000000000000
00001101000000000000000000000000
00000000000000000000000000000000
00000000000000000000000000000000
00000000000000000000000000011011
00000000000000000000000000000000
00000000000000000000000000000000
00000000000000000000000000000000
00000000000000000000000000000000
00001101000000000000000000000000
00000000000000000000000000000000
00000000000000000000000000000000
00000000000000000000000000011011
00000000000000000000000000000000
00000000000000000000000000000000
00000000000000000000000000000000
00000000000000000000000000000000
00001101000000000000000000000000
00000000000000000000000000000000
00000000000000000000000000000000
00000000000000000000000000011011
00000000000000000000000000000000
00000110000000000000000000000000
00000000000110000000000000000000
01010001000000000000000001010101
00001101000000000000000000000000
00000000000000000000100000111111
00000000001010010000011100000101
00000000000111100000000000011011
00000000000010010000000000000000
00000000000000000000001100010001
00000000000100100000000000100110
01010101000000000000000001111111
00000000000000000000110000000000
00001010000000000000110001001101
00000000000101110001011100000000
00000000000111000101111000000000
00000000000110010010010100000000
00000000011101110000000000000000
00101111000000000011011100011001
00000000000000000001001000010100
00000000000000000001011000000000
00001011011010000000000000000000
00000000000000000000000000000000
01000001000000000011000000000000
00000000000000000001100000000000
00001000011111110000000000000000
00110110000001100100101000000000
00000000000000000010010000000000
00000000000100010000000000000000
00000000011110100000000000100001
00000111000000000000011000010000
00000110000111100000000000001100
00000000000000000000000000000000
00000000000001000000000000000000
00000000000000000000011100000000
00000000000000000000000100000000
00001101000000000000000000000000
00000000000001000000000000010000
00000000000000000000000000000000
00000000000000000000000000011011
00000000000000000000000000000000
00000000000000000000000000000000
00000000000000000000000000000000
00000000000000000000000000000000
00001101000000000000000000000000
00000000000000000000000000000000
00000000000000000000000000000000
00000000000000000000000000011011
00000000000000000000000000000000
00000000000000000000000000000000
00000000000000000000000000000000
00000000000000000000000000000000
00001101000000000000000000000000
00000000000000000000000000000000
00000000000000000000000000000000
00000000000000000000000000011011
00000000000000000000000000000000
00000000000000000000000000000000
00000000000000000000000000000000
00000000000000000000000000000000
00001101000000000000000000000000
00000000000000000000000000000000
00000000000000000000000000000000
00000000000000000000000000011011
00000000000000000000000000000000
00000000000000000000000000000000
00000000000000000000000000000000
00000000000000000000000000000000
00001101000000000000000000000000
00000000000000000000000000000000
00000000000000000000000000000000
00000000000000000000000000011011
00000000000000000000000000000000
00000000000000000000000000000000
00000000000000000000000000000000
00000000000000000000000000000000
00001101000000000000000000000000
00000000000000000000000000000000
00000000000000000000000000000000
00000000000000000000000000011011
00000000000000000000000000000000
00000000000000000000000000000000
00000000000000000000000000000000
00000000000000000000000000000000
00001101000000000000000000000000
00000000000000000000000000000000
00000000000000000000000000000000
00000000000000000000000000011011
00000000000000000000000000000000
00000000000000000000000000000000
00000000000000000000000000000000
00000000000000000000000000000000
00001101000000000000000000000000
00000000000000000000000000000000
00000000000000000000000000000000
00000000000000000000000000011011
00000000000000000000000000000000
00000000000000000000000000000000
00000000000000000000000000000000
00001110000000000000000000001001
00001101000000000000000000000000
00000000000000000000001000001110
00000000000000000000000000000000
00000000000000000000000000011011
00000000000000000000000000000000
00000100000000000000000000001100
00000000000100010000000000000000
01101010000000000000000001111111
00000000000000110000000000000011
00000010000000000000010101001001
00000000001010100000100100000000
00000000001010010100101000000000
00000000000111100010001000000000
00000000001111110001010000000000
00100100000000000000000000100010
00011100000000000000000001110101
00000000000000000010111000000000
00001101000000000000000000000000
00000000000000000000000000000000
00101110000000000100011000000000
00000000000011000010010000000000
00000000011111110000000000000000
00101000000000000100000100000000
00000000000000000000110000000000
00000000000001110000000000000000
00000000011111110000000000000101
00010101000000000000000000000000
01000011000001000000000000000000
00000000000000000000000000000000
00000000000110110000000000000000
00001001000000000001101000000000
00000000000000000000101000000000
00001101000000000000000000000000
00000000000111110000000000011011
00000000000000000000000000000000
00000000000000000000000000011011
00000000000000000000000000000000
00000000000000000000000000000000
00000000000000000000000000000000
00000000000000000000000000000000
00001101000000000000000000000000
00000000000000000000000000000000
00000000000000000000000000000000
00000000000000000000000000011011
00000000000000000000000000000000
00000000000000000000000000000000
00000000000000000000000000000000
00000000000000000000000000000000
00001101000000000000000000000000
00000000000000000000000000000000
00000000000000000000000000000000
00000000000000000000000000011011
00000000000000000000000000000000
00000000000000000000000000000000
00000000000000000000000000000000
00000000000000000000000000000000
00001101000000000000000000000000
00000000000000000000000000000000
00000000000000000000000000000000
00000000000000000000000000011011
00000000000000000000000000000000
00000000000000000000000000000000
00000000000000000000000000000000
00000000000000000000000000000000
00001101000000000000000000000000
00000000000000000000000000000000
00000000000000000000000000000000
00000000000000000000000000011011
00000000000000000000000000000000
00000000000000000000000000000000
00000000000000000000000000000000
00000000000000000000000000000000
00001101000000000000000000000000
00000000000000000000000000000000
00000000000000000000000000000000
00000000000000000000000000011011
00000000000000000000000000000000
00000000000000000000000000000000
00000000000000000000000000000000
00000000000000000000000000000000
00001101000000000000000000000000
00000000000000000000000000000000
00000000000000000000000000000000
00000000000000000000000000011011
00000000000000000000000000000000
00000000000000000000000000000000
00000000000000000000000000000000
00000000000000000000000000000000
00001101000000000000000000000000
00000000000000000000000000000000
00000000000000000000000000000000
00000000000000000000000000011011
00000000000000000000000000000000
00000000000000000000000000000000
00000000000000000000000000000000
00000000000000000000000000000000
00001101000000000000000000000000
00000000000000000000000000000000
00000000000000000000000000000000
00000000000000000000000000011011
00000000000000000000000000000000
00000000000000000000000000001000
00000000000000110000000000000000
01011100000000000000000001111010
00001001000000000000000000000000
00000000000000000000001101000100
00000000001001000000011000000000
00000000001000000001011100010111
00000000000101100000000000000000
00000000000000000000011000001011
00000000000000000000000000011100
01100111000000000000000001111111
00000000000000000010110000000100
00001000000000000000000000100111
00000000001001010000000000000000
00010111000000100100111000000000
00000000000101110010001000000000
00000000011111110000011000000000
00100101000000000011110000000000
00000000000000000000000000000000
00000000000011000010111100000000
00000001011111110000000000000000
00100110000000000000000000000000
00111011000000000000000000000000
00000000000000000000000000000000
00000000011100100000000000000000
00010100000000000010101000000000
00000000000000000000011100000000
00001001000000000000000000000000
00000000011101000000000000100000
00010001000000000000000000000000
00000000000011000000000000011010
00000000000000000000000000000000
00000000000000000000000000000000
00000000000000000000000000000000
00000000000000000000000000000000
00001101000000000000000000000000
00000000000000000000000000000000
00000000000000000000000000000000
00000000000000000000000000011011
00000000000000000000000000000000
00000000000000000000000000000000
00000000000000000000000000000000
00000000000000000000000000000000
00001101000000000000000000000000
00000000000000000000000000000000
00000000000000000000000000000000
00000000000000000000000000011011
00000000000000000000000000000000
00000000000000000000000000000000
00000000000000000000000000000000
00000000000000000000000000000000
00001101000000000000000000000000
00000000000000000000000000000000
00000000000000000000000000000000
00000000000000000000000000011011
00000000000000000000000000000000
00000000000000000000000000000000
00000000000000000000000000000000
00000000000000000000000000000000
00001101000000000000000000000000
00000000000000000000000000000000
00000000000000000000000000000000
00000000000000000000000000011011
00000000000000000000000000000000
00000000000000000000000000000000
00000000000000000000000000000000
00000000000000000000000000000000
00001101000000000000000000000000
00000000000000000000000000000000
00000000000000000000000000000000
00000000000000000000000000011011
00000000000000000000000000000000
00000000000000000000000000000000
00000000000000000000000000000000
00000000000000000000000000000000
00001101000000000000000000000000
00000000000000000000000000000000
00000000000000000000000000000000
00000000000000000000000000011011
00000000000000000000000000000000
00000000000000000000000000000000
00000000000000000000000000000000
00000000000000000000000000000000
00001101000000000000000000000000
00000000000000000000000000000000
00000000000000000000000000000000
00000000000000000000000000011011
00000000000000000000000000000000
00000000000000000000000000000000
00000000000000000000000000000000
00000000000000000000000000000000
00001101000000000000000000000000
00000000000000000000000000000000
00000000000000000000000000000000
00000000000000000000000000011011
00000000000000000000000000000000
00000000000000000000000000000000
00000000000000000000000000000000
00000000000000000000000000000000
00001101000000000000000000000000
00000000000000000000000000000000
00000000000000000000000000000000
00000000000000000000000000011011
00000000000000000000000000000000
00001011000000000000000000001011
00000000000100110000000000000000
01110011000000000000000001111111
00000000000001010000000000101101
00101110000000000000000000110100
00000000010001110011000100111001
00000000000010100011001100000000
00000000000101110001010100000000
00000100011110110001011000000000
00001111000000000000000000100000
00000000000000000000000000111100
00000000000010110101011000000000
00100100000101100000000000000000
00100101000000000000000000000000
01011111000000000100010100000000
00001010000000000000101100000000
00001000011111110000000000000000
00101101000010100100011100000000
00000000000000000010010100000000
00000000000001100000000000000000
00000000011111110000000000101000
00110001000000000000011000010001
00010111000111000000000000000110
00000000000000000000000000000010
00000000000100100000000000000000
00000100000000000001001100000000
00000000000000000000011100000000
00001111000000000000000000000000
00000000000101010000011100100000
00000110000000000000000000000000
00000000000000000000100000011011
00000000000000000000000000000000
00000000000000000000000000000000
00000000000000000000000000000000
00000000000000000000000000000000
00010001000000000000000000000000
00000000000000000000011000000100
00000110000000000000000000000000
00000000000000000000101100011100
00000000000000000000000000000000
00000000000000000000000000000000
00000000000000000000000000000000
00000010000000000000000000000000
00001101000000000000000000000000
00000000000000000000000000000101
00000000000000000000000000000000
00000000000000000000000000011011
00000000000000000000000000000000
00000000000000000000000000000000
00000000000000000000000000000000
00000001000000000000000000000000
00001101000000000000000000000000
00000000000000000000100000001010
00000110000000000000000000000000
00000000000000000000011000011011
00000000000000000000000000000000
00000000000000000000000000000000
00000000000000000000000000000000
00010110000000000000000000011010
00001111000000000000000000000000
00000000000000000010110100111110
00100101000000000000000000000000
00000000000000000010010100011011
00000000000000000000000000000000
00000000000011000000000100000000
00000000000000000000000000000000
00000000000000000000000000000000
00011100000000000000000000000000
00000000000000000100001000111000
00111001000000000000000000000000
00000000000000000100110100011011
00000000000000000000000000000000
00000000001001000000000000000000
00000000000000000000000000000000
00000000000000000000000000000000
00110011000000000000000000000000
00000000000001010011101000011100
00111000000000000000000000000000
00001000000000000110000000100101
00000000000000000000000000000000
00000000000000000000000000000000
00000000000000000000000000000000
00000000000000000000000000000000
00001101000000000000000000000000
00000000000000000000000000000000
00000000000000000000000000000000
00000000000000000000000000011011
00000000000000000000000000000000
00000000000000000000000000000000
00000000000000000000000000000000
00000000000000000000000000000000
00001101000000000000000000000000
00000000000000000000000000000000
00000000000000000000000000000000
00000000000000000000000000011011
00000000000000000000000000000000
00000000000000000000000000000000
00000000000000000000000000000000
00000000000000000000000000000000
00001101000000000000000000000000
00000000000000000000000000000000
00000000000000000000000000000000
00000000000000000000000000011011
00000000000000000000000000000000
00100110000000000001010100000000
00001001000101110000000000000000
01111111000000000001010001111111
00000000000100100010000101010011
01000101000000000000000000000000
00000000010011010101001101010010
00011110000110000000000000000000
00000000000111110000100100000111
00110101011110100101000100000000
00000000010100100000000000000000
00000000000000000000000000000000
00000000001001010110011100000000
00100010000000000000000000000000
01010110000000000100100000001011
00110110011100100000000000000000
01001100000000000000000000000000
00000000011101110010011000010010
00000000010011110000000000000000
00000000000011010000000000000000
00010110000100010011010100000000
00000000000000000110101001010010
01111111000000000000001100000000
00000000010001100111101000000000
01100001000000000000000000000000
00000000000101100010011100011010
00000000000100100000000000000000
00000000000101000000000000000011
00011100000100010000100000000000
00000000000000000111000101010011
01101101000000000000000000000000
00000000000010100111111100000000
01100001000000000000000000000000
00000000001100000001000000010010
00000000000011100000000000000000
00000000000101110000000000000000
00101110000110100000110100000000
00000000000000000111100101000010
01111111000000000000000000000000
00001011000000000111111100000111
01001110000000000000000100000000
00000000000011100001110000101001
00000000000000000000000000000000
00001111000000000000000000100010
00011001000000000000000000000000
00000000000000000111001001010000
01101110000000000000000000000000
00000000000010100111111100000111
00100100000000000000000000000000
00000000000100000010001100100001
00000000000010110000000000000000
00000100000101000000000000011101
00011001000100000000010000000000
00000000000000000110111101011101
01100110000000000000000000000000
00000000000101110111111100000000
01011011000000010000000000000000
00000000000000000000101000100110
00000000000000000000000000001100
00001011000011110000000000101000
00000000000011110001011100000000
00000000000000000110110101011001
01010110000000000000000000000000
00000000001001100111111100000000
00110111000100000000000000000000
00000000000100100000000000011110
00100100000011000000000000000000
00000000000000000000000000000000
00000000000110010000000000000000
00000000000000000111011100001110
01110001000000000000000000000110
00000000000000000111111100000000
00101001000000000000000000000000
00000000011101010000000000000110
00100000001011010000101100000000
00000000000111110000000000000000
01000111001010110000000000000000
00000000010001100111111100000000
01111111000000000000010000000000
00101010000000000111111100000000
00100010000000000000000000000000
00000000000000000000000000000000
00000000000000000000000000000000
00000000000000000000000000000000
00001101000000000000000000000000
00000000000000000000000000000000
00000000000000000000000000000000
00000000000000000000000000011011
00000000000000000000000000000000
00000000000000000000000000000000
00000000000000000000000000000000
00000000000000000000000000000000
00001101000000000000000000000000
00000000000000000000000000000000
00000000000000000000000000000000
00000000000000000000000000011011
00000000000000000000000000000000
00000000000000000000000000000000
00000000000000000000000000000000
00000000000000000000000000000000
00001101000000000000000000000000
00000000000000000000000000000000
00000000000000000000000000000000
00000000000000000000000000011011
00000000000000000000000000000000
00001001000000000000000000000000
01100001000000000001010100000000
00111111000000000110011101110001
00101001000000000000000001111111
00000000000000000000000000000000
00000000001011110000001001111111
00000000000000000000100000000000
00000000000000000000010001000111
00101001000000000000101100000000
01111111001111000101111000000000
00000000000000000111111100000000
00000000001100110010010001110000
00001101000000000000000000000000
00000000000000000011001001111111
00000000000111000000000000000000
00000100000000000000011001010001
00011111000000000000000000000000
01111111001001000101111000000000
00000000000000000111111100000000
00000000001100010011000101001101
00000000000000000000000000000000
00000000000000000000001001111111
00000000000010100000000000000000
00001110000000000000000001011000
00111010000000000001101000000000
01111111001110100101100100000000
00000000000000000111111100000000
00000000010000100110010101011101
00000101000000000000000000000000
00000000000000000001110101111111
00000000001100100000000000000000
00011101000000000000000001110101
00100111000111010010010000000000
01111111001001100111001100000000
00000000000101110111111100000000
00000000010010100110001000110110
00000000000010100000000000000000
00001100000000000001010101111111
00000000010001100000110000000000
00100100000000000000000001110010
00010001000010010000000000000000
01111111000000000110111000000000
00000000000000000111111100000000
00000000001110000000000000111100
00000000000110100000000000000000
00000000000000000000000001111111
00000000000000000001011000000000
00011011000000000000000001001111
00010111000000000001001000000000
01111111000000000110110100000000
00000000000000000111111100000000
00000000000100100000010100110101
00000000001011100000000000000000
00000000000000000000001001110101
00000000000000000000000000000000
00000000000000000000000000111111
00101010000000000011101100000000
01111111000110100110111100000000
00000000000100110111111100000000
00000000010001010000000001000101
00000010001000110000000000000000
00000000000000000001110001111111
00000000000111000000000000001100
00000000000011000000000001100010
00011000000000000010100000000000
01111111000000000111000000000000
00000000000000000111111100000000
00000000001110010000000000110110
00000000001000110000000000001000
00000000000000000001010101111111
00000000000110110000000000001010
00000000000001000000000001001111
00100001010000110000011000000000
01101000000111010110001100000000
00000000000000000110111000000000
00000000000010010000000000011011
00000000010100000000000000010110
00000000000000000010100001100010
00000000000110110000000000011010
00000000000000000000000000111000
00000000000000000000000000000000
00000000000000000000000000000000
00000000000000000000000000000000
00001101000000000000000000000000
00000000000000000000000000000000
00000000000000000000000000000000
00000000000000000000000000011011
00000000000000000000000000000000
00000000000000000000000000000000
00000000000000000000000000000000
00000000000000000000000000000000
00001101000000000000000000000000
00000000000000000000000000000000
00000000000000000000000000000000
00000000000000000000000000011011
00000000000000000000000000000000
00000000000000000000000000000000
00000000000000000000000000000000
00000000000000000000000000000000
00001101000000000000000000000000
00000000000000000000000000000000
00000000000000000000000000000000
00000000000000000000000000011011
00000000000000000000000000000000
00000000000000000000000000000000
00001110000000000000010000000000
00001011000000000001011000010110
00100000000000000000000000011100
00000000000000000000000000000000
00000000000000000000000000000000
00000000000000000000000000011011
00000000000000000000000000000000
00000000000000000000000000000000
00100001000000000010101100000000
00000000000000000100010000000101
00011010000000000000000000110000
00000000000001000000000000000000
00000000000000000000000000101011
00000000000000000000000000011011
00000000000000000000000000010010
00000000000000000000000000000000
00101001000000000010111000000000
00000000000000000100111100000000
00001101000000000000000000110011
00000000000001010000000000000000
00000000000000000000000000110100
00000000000000000000000000011011
00000000000000000000000000010101
00010001000000000010011000000000
01000110000000000101000000000000
00000000000000000111111100000000
00001101000000000000000001011010
00000000000000110000000000000000
00000000000000000000000001101000
00000000000000000000000000011011
00000000000000000000000000101100
00101110000000000011111100000000
01001011000000000101110000000000
00000000000000000111111100000000
00001101000000000000000001010011
00000101001010000000000000000000
00000000000000000010001101110110
00000000001001000000000000011011
00000000000011100000000000101111
00010100000000000010011000000000
00101100000000000100010000000000
00000000000000000101100100000000
00001101000000000000000000100110
00000000001000010000000000001010
00000000000000000001000001001000
00000000000101110000000000011011
00000000000000110000000000011010
00000000000011010000000000000000
00010100000000000010100100000000
00000000000000000011001000000000
00001101000000000000000000010100
00000000000110000000000000011010
00000000000000000000010100011101
00000000000000000000000000011100
00000000000000000000000000001100
00000000000000000000000000000000
00000000000000000000010000000000
00000000000000000000000000000000
00001101000000000000000000000000
00000000000000000000000000001010
00000000000000000000000000000000
00000000000000000000000000011011
00000000000000000000000000000000
00000000000000000000000000000000
00000000000000000000000000000000
00000000000000000000000000000000
00001101000000000000000000000000
00000000000000000000000000000000
00000000000000000000000000000000
00000000000000000000000000011011
00000000000000000000000000000000
00000000000000000000000000000000
00000000000000000000000000000000
00000000000000000000000000000000
00001101000000000000000000000000
00000000000000000000000000000000
00000000000000000000000000000000
00000000000000000000000000011011
00000000000000000000000000000000
00000000000000000000000000000000
00000000000000000000000000000000
00000000000000000000000000000000
00001101000000000000000000000000
00000000000000000000000000000000
00000000000000000000000000000000
00000000000000000000000000011011
00000000000000000000000000000000
00000000000000000000000000000000
00000000000000000000000000000000
00000000000000000000000000000000
00001101000000000000000000000000
00000000000000000000000000000000
00000000000000000000000000000000
00000000000000000000000000011011
00000000000000000000000000000000
00000000000000000000000000000000
00000000000000000000000000000000
00000000000000000000000000000000
00001101000000000000000000000000
00000000000000000000000000000000
00000000000000000000000000000000
00000000000000000000000000011011
00000000000000000000000000000000
00000000000000000000000000000000
00000000000000000000000000000000
00000000000000000000000000000000
00001101000000000000000000000000
00000000000000000000000000000000
00000000000000000000000000000000
00000000000000000000000000011011
00000000000000000000000000000000
00000000000000000000000000000000
00000000000000000000000000000000
00000000000000000000000000000000
00001101000000000000000000000000
00000000000000000000000000000000
00000000000000000000000000000000
00000000000000000000000000011011
00000000000000000000000000000000
00000000000000000000000000000000
00000000000000000000000000000000
00000000000000000000000000000000
00001101000000000000000000000000
00000000000000000000000000000000
00000000000000000000000000000000
00000000000000000000000000011011
00000000000000000000000000000000
00000000000000000000000000000000
00000000000000000000000000000000
00000000000000000000000000000000
00001101000000000000000000000000
00000000000000000000000000000000
00000000000000000000000000000000
00000000000000000000000000011011
00000000000000000000000000000000
00000000000000000000000000000000
00000000000000000000000000000000
00000000000000000000000000000000
00001101000000000000000000000000
00000000000000000000000000000000
00000000000000000000000000000000
00000000000000000000000000011011
00000000000000000000000000000000
00000000000000000000000000000000
00000000000000000000000000000000
00000000000000000000000000000000
00001101000000000000000000000000
00000000000000000000000000000000
00000000000000000000000000000000
00000000000000000000000000011011
00000000000000000000000000000000
00000000000000000000000000000000
00000000000000000000000000000000
00000000000000000000000000000000
00001101000000000000000000000000
00000000000000000000000000000000
00000000000000000000000000000000
00000000000000000000000000011011
00000000000000000000000000000000
00000000000000000000000000000000
00000000000000000000000000000000
00000000000000000000000000000000
00001101000000000000000000000000
00000000000000000000000000000000
00000000000000000000000000000000
00000000000000000000000000011011
00000000000000000000000000000000
00000000000000000000000000000000
00000000000000000000000000000000
00000000000000000000000000000000
00001101000000000000000000000000
00000000000000000000000000000000
00000000000000000000000000000000
00000000000000000000000000011011
00000000000000000000000000000000
00000000000000000000000000000000
00000000000000000000000000000000
00000000000000000000000000000000
00001101000000000000000000000000
00000000000000000000000000000000
00000000000000000000000000000000
00000000000000000000000000011011
00000000000000000000000000000000
